(kicad_pcb (version 20171130) (host pcbnew "(5.1.5)-3")

  (general
    (thickness 1.6)
    (drawings 89)
    (tracks 991)
    (zones 0)
    (modules 79)
    (nets 70)
  )

  (page A4)
  (title_block
    (title "Circuito Placa Completa")
    (rev VH1)
    (company Layout)
    (comment 1 "Laura Pereira")
    (comment 2 "Diego Siste")
    (comment 3 "Ágape Nascimento")
  )

  (layers
    (0 F.Cu signal)
    (31 B.Cu signal)
    (33 F.Adhes user)
    (35 F.Paste user)
    (37 F.SilkS user)
    (38 B.Mask user)
    (39 F.Mask user)
    (40 Dwgs.User user)
    (41 Cmts.User user)
    (42 Eco1.User user)
    (43 Eco2.User user)
    (44 Edge.Cuts user)
    (45 Margin user)
    (46 B.CrtYd user)
    (47 F.CrtYd user)
    (49 F.Fab user)
  )

  (setup
    (last_trace_width 0.2032)
    (trace_clearance 0.1778)
    (zone_clearance 0.508)
    (zone_45_only no)
    (trace_min 0.2)
    (via_size 0.635)
    (via_drill 0.3048)
    (via_min_size 0.4)
    (via_min_drill 0.3)
    (uvia_size 0.3)
    (uvia_drill 0.1)
    (uvias_allowed no)
    (uvia_min_size 0.2)
    (uvia_min_drill 0.1)
    (edge_width 0.05)
    (segment_width 0.2)
    (pcb_text_width 0.3)
    (pcb_text_size 1.5 1.5)
    (mod_edge_width 0.12)
    (mod_text_size 1 1)
    (mod_text_width 0.15)
    (pad_size 1.524 1.524)
    (pad_drill 0.762)
    (pad_to_mask_clearance 0.051)
    (solder_mask_min_width 0.25)
    (aux_axis_origin 0 0)
    (visible_elements 7FFDFFFF)
    (pcbplotparams
      (layerselection 0x010fc_ffffffff)
      (usegerberextensions false)
      (usegerberattributes false)
      (usegerberadvancedattributes false)
      (creategerberjobfile false)
      (excludeedgelayer true)
      (linewidth 0.100000)
      (plotframeref false)
      (viasonmask false)
      (mode 1)
      (useauxorigin false)
      (hpglpennumber 1)
      (hpglpenspeed 20)
      (hpglpendiameter 15.000000)
      (psnegative false)
      (psa4output false)
      (plotreference true)
      (plotvalue true)
      (plotinvisibletext false)
      (padsonsilk false)
      (subtractmaskfromsilk false)
      (outputformat 1)
      (mirror false)
      (drillshape 1)
      (scaleselection 1)
      (outputdirectory ""))
  )

  (net 0 "")
  (net 1 AN11)
  (net 2 IN_A)
  (net 3 Earth)
  (net 4 IN_B)
  (net 5 AN4)
  (net 6 VBUS)
  (net 7 Vin)
  (net 8 VUSB3V3)
  (net 9 "Net-(C5-Pad1)")
  (net 10 VCAP)
  (net 11 "Net-(C11-Pad2)")
  (net 12 OSC1)
  (net 13 OSC2)
  (net 14 RST)
  (net 15 "Net-(C18-Pad1)")
  (net 16 "Net-(C19-Pad1)")
  (net 17 "Net-(D_Schottky1-Pad2)")
  (net 18 PWM)
  (net 19 PIN_2)
  (net 20 PIN_3)
  (net 21 TECLADO)
  (net 22 PIN_8)
  (net 23 RB10)
  (net 24 RB11)
  (net 25 SCL)
  (net 26 PIN_13)
  (net 27 PIN_14)
  (net 28 PIN_15)
  (net 29 PIN_16)
  (net 30 MCLR#)
  (net 31 RX)
  (net 32 PIN_21)
  (net 33 PIN_22)
  (net 34 PGED1)
  (net 35 PGEC1)
  (net 36 POT)
  (net 37 E)
  (net 38 RS)
  (net 39 D7)
  (net 40 D6)
  (net 41 D5)
  (net 42 D4)
  (net 43 PIN_36)
  (net 44 PIN_39)
  (net 45 PIN_40)
  (net 46 PIN_41)
  (net 47 TX)
  (net 48 PIN_45)
  (net 49 SDA)
  (net 50 PIN_48)
  (net 51 "Net-(IC2-Pad2)")
  (net 52 "Net-(IC2-Pad1)")
  (net 53 D-)
  (net 54 D+)
  (net 55 "Net-(J6-Pad2)")
  (net 56 "Net-(J6-Pad1)")
  (net 57 "Net-(J9-Pad3)")
  (net 58 "Net-(LED2-Pad1)")
  (net 59 "Net-(LED3-Pad1)")
  (net 60 "Net-(LED_1-Pad2)")
  (net 61 "Net-(LED_4-Pad1)")
  (net 62 "Net-(LED_5-Pad1)")
  (net 63 RxLED)
  (net 64 TxLED)
  (net 65 "Net-(R17-Pad2)")
  (net 66 "Net-(R18-Pad2)")
  (net 67 "Net-(R19-Pad2)")
  (net 68 "Net-(R21-Pad2)")
  (net 69 "Net-(R22-Pad2)")

  (net_class Default "Esta é a classe de rede padrão."
    (clearance 0.1778)
    (trace_width 0.2032)
    (via_dia 0.635)
    (via_drill 0.3048)
    (uvia_dia 0.3)
    (uvia_drill 0.1)
    (add_net AN11)
    (add_net AN4)
    (add_net D+)
    (add_net D-)
    (add_net D4)
    (add_net D5)
    (add_net D6)
    (add_net D7)
    (add_net E)
    (add_net IN_A)
    (add_net IN_B)
    (add_net MCLR#)
    (add_net "Net-(C11-Pad2)")
    (add_net "Net-(C18-Pad1)")
    (add_net "Net-(C19-Pad1)")
    (add_net "Net-(C5-Pad1)")
    (add_net "Net-(D_Schottky1-Pad2)")
    (add_net "Net-(IC2-Pad1)")
    (add_net "Net-(IC2-Pad2)")
    (add_net "Net-(J6-Pad1)")
    (add_net "Net-(J6-Pad2)")
    (add_net "Net-(J9-Pad3)")
    (add_net "Net-(LED2-Pad1)")
    (add_net "Net-(LED3-Pad1)")
    (add_net "Net-(LED_1-Pad2)")
    (add_net "Net-(LED_4-Pad1)")
    (add_net "Net-(LED_5-Pad1)")
    (add_net "Net-(R17-Pad2)")
    (add_net "Net-(R18-Pad2)")
    (add_net "Net-(R19-Pad2)")
    (add_net "Net-(R21-Pad2)")
    (add_net "Net-(R22-Pad2)")
    (add_net OSC1)
    (add_net OSC2)
    (add_net PGEC1)
    (add_net PGED1)
    (add_net PIN_13)
    (add_net PIN_14)
    (add_net PIN_15)
    (add_net PIN_16)
    (add_net PIN_2)
    (add_net PIN_21)
    (add_net PIN_22)
    (add_net PIN_3)
    (add_net PIN_36)
    (add_net PIN_39)
    (add_net PIN_40)
    (add_net PIN_41)
    (add_net PIN_45)
    (add_net PIN_48)
    (add_net PIN_8)
    (add_net PWM)
    (add_net RB10)
    (add_net RB11)
    (add_net RS)
    (add_net RST)
    (add_net RX)
    (add_net RxLED)
    (add_net SCL)
    (add_net SDA)
    (add_net TECLADO)
    (add_net TX)
    (add_net TxLED)
    (add_net VCAP)
  )

  (net_class Power ""
    (clearance 0.1778)
    (trace_width 0.3048)
    (via_dia 0.635)
    (via_drill 0.3048)
    (uvia_dia 0.3)
    (uvia_drill 0.1)
    (add_net Earth)
    (add_net POT)
    (add_net VBUS)
    (add_net VUSB3V3)
    (add_net Vin)
  )

  (module Connector_PinHeader_2.54mm:PinHeader_1x06_P2.54mm_Vertical (layer F.Cu) (tedit 59FED5CC) (tstamp 5EBF0093)
    (at 114.2746 59.0042 270)
    (descr "Through hole straight pin header, 1x06, 2.54mm pitch, single row")
    (tags "Through hole pin header THT 1x06 2.54mm single row")
    (path /5EDCF061)
    (fp_text reference J12 (at 0 -2.33 90) (layer F.SilkS)
      (effects (font (size 1 1) (thickness 0.15)))
    )
    (fp_text value Conn_01x06 (at 0 15.03 90) (layer F.Fab)
      (effects (font (size 1 1) (thickness 0.15)))
    )
    (fp_line (start -0.635 -1.27) (end 1.27 -1.27) (layer F.Fab) (width 0.1))
    (fp_line (start 1.27 -1.27) (end 1.27 13.97) (layer F.Fab) (width 0.1))
    (fp_line (start 1.27 13.97) (end -1.27 13.97) (layer F.Fab) (width 0.1))
    (fp_line (start -1.27 13.97) (end -1.27 -0.635) (layer F.Fab) (width 0.1))
    (fp_line (start -1.27 -0.635) (end -0.635 -1.27) (layer F.Fab) (width 0.1))
    (fp_line (start -1.33 14.03) (end 1.33 14.03) (layer F.SilkS) (width 0.12))
    (fp_line (start -1.33 1.27) (end -1.33 14.03) (layer F.SilkS) (width 0.12))
    (fp_line (start 1.33 1.27) (end 1.33 14.03) (layer F.SilkS) (width 0.12))
    (fp_line (start -1.33 1.27) (end 1.33 1.27) (layer F.SilkS) (width 0.12))
    (fp_line (start -1.33 0) (end -1.33 -1.33) (layer F.SilkS) (width 0.12))
    (fp_line (start -1.33 -1.33) (end 0 -1.33) (layer F.SilkS) (width 0.12))
    (fp_line (start -1.8 -1.8) (end -1.8 14.5) (layer F.CrtYd) (width 0.05))
    (fp_line (start -1.8 14.5) (end 1.8 14.5) (layer F.CrtYd) (width 0.05))
    (fp_line (start 1.8 14.5) (end 1.8 -1.8) (layer F.CrtYd) (width 0.05))
    (fp_line (start 1.8 -1.8) (end -1.8 -1.8) (layer F.CrtYd) (width 0.05))
    (fp_text user %R (at 0 6.35) (layer F.Fab)
      (effects (font (size 1 1) (thickness 0.15)))
    )
    (pad 1 thru_hole rect (at 0 0 270) (size 1.7 1.7) (drill 1) (layers *.Cu *.Mask)
      (net 43 PIN_36))
    (pad 2 thru_hole oval (at 0 2.54 270) (size 1.7 1.7) (drill 1) (layers *.Cu *.Mask)
      (net 44 PIN_39))
    (pad 3 thru_hole oval (at 0 5.08 270) (size 1.7 1.7) (drill 1) (layers *.Cu *.Mask)
      (net 45 PIN_40))
    (pad 4 thru_hole oval (at 0 7.62 270) (size 1.7 1.7) (drill 1) (layers *.Cu *.Mask)
      (net 46 PIN_41))
    (pad 5 thru_hole oval (at 0 10.16 270) (size 1.7 1.7) (drill 1) (layers *.Cu *.Mask)
      (net 48 PIN_45))
    (pad 6 thru_hole oval (at 0 12.7 270) (size 1.7 1.7) (drill 1) (layers *.Cu *.Mask)
      (net 50 PIN_48))
    (model ${KISYS3DMOD}/Connector_PinHeader_2.54mm.3dshapes/PinHeader_1x06_P2.54mm_Vertical.wrl
      (at (xyz 0 0 0))
      (scale (xyz 1 1 1))
      (rotate (xyz 0 0 0))
    )
  )

  (module PIC32MM0064GPM048-I_PT:QFP50P900X900X120-49N (layer F.Cu) (tedit 5E947F6C) (tstamp 5EB9E172)
    (at 145 98 90)
    (descr PIC32MM0064GPM048-I/PT)
    (tags "Integrated Circuit")
    (path /5E9750CF)
    (attr smd)
    (fp_text reference IC1 (at 0.469999 0.159999 90) (layer F.SilkS)
      (effects (font (size 1.27 1.27) (thickness 0.254)))
    )
    (fp_text value PIC32MM0064GPM048-I_PT (at 0 0 90) (layer F.SilkS) hide
      (effects (font (size 1.27 1.27) (thickness 0.254)))
    )
    (fp_line (start -5.225 -5.225) (end 5.225 -5.225) (layer Dwgs.User) (width 0.05))
    (fp_line (start 5.225 -5.225) (end 5.225 5.225) (layer Dwgs.User) (width 0.05))
    (fp_line (start 5.225 5.225) (end -5.225 5.225) (layer Dwgs.User) (width 0.05))
    (fp_line (start -5.225 5.225) (end -5.225 -5.225) (layer Dwgs.User) (width 0.05))
    (fp_line (start -3.5 -3.5) (end 3.5 -3.5) (layer Dwgs.User) (width 0.1))
    (fp_line (start 3.5 -3.5) (end 3.5 3.5) (layer Dwgs.User) (width 0.1))
    (fp_line (start 3.5 3.5) (end -3.5 3.5) (layer Dwgs.User) (width 0.1))
    (fp_line (start -3.5 3.5) (end -3.5 -3.5) (layer Dwgs.User) (width 0.1))
    (fp_line (start -3.5 -3) (end -3 -3.5) (layer Dwgs.User) (width 0.1))
    (fp_circle (center -4.725 -3.5) (end -4.85 -3.5) (layer F.SilkS) (width 0.254))
    (pad 1 smd rect (at -4.238 -2.75 180) (size 0.3 1.475) (layers F.Cu F.Paste F.Mask)
      (net 18 PWM))
    (pad 2 smd rect (at -4.238 -2.25 180) (size 0.3 1.475) (layers F.Cu F.Paste F.Mask)
      (net 19 PIN_2))
    (pad 3 smd rect (at -4.238 -1.75 180) (size 0.3 1.475) (layers F.Cu F.Paste F.Mask)
      (net 20 PIN_3))
    (pad 4 smd rect (at -4.238 -1.25 180) (size 0.3 1.475) (layers F.Cu F.Paste F.Mask)
      (net 36 POT))
    (pad 5 smd rect (at -4.238 -0.75 180) (size 0.3 1.475) (layers F.Cu F.Paste F.Mask))
    (pad 6 smd rect (at -4.238 -0.25 180) (size 0.3 1.475) (layers F.Cu F.Paste F.Mask)
      (net 3 Earth))
    (pad 7 smd rect (at -4.238 0.25 180) (size 0.3 1.475) (layers F.Cu F.Paste F.Mask)
      (net 10 VCAP))
    (pad 8 smd rect (at -4.238 0.75 180) (size 0.3 1.475) (layers F.Cu F.Paste F.Mask)
      (net 22 PIN_8))
    (pad 9 smd rect (at -4.238 1.25 180) (size 0.3 1.475) (layers F.Cu F.Paste F.Mask)
      (net 23 RB10))
    (pad 10 smd rect (at -4.238 1.75 180) (size 0.3 1.475) (layers F.Cu F.Paste F.Mask)
      (net 24 RB11))
    (pad 11 smd rect (at -4.238 2.25 180) (size 0.3 1.475) (layers F.Cu F.Paste F.Mask)
      (net 8 VUSB3V3))
    (pad 12 smd rect (at -4.238 2.75 180) (size 0.3 1.475) (layers F.Cu F.Paste F.Mask)
      (net 25 SCL))
    (pad 13 smd rect (at -2.75 4.238 90) (size 0.3 1.475) (layers F.Cu F.Paste F.Mask)
      (net 26 PIN_13))
    (pad 14 smd rect (at -2.25 4.238 90) (size 0.3 1.475) (layers F.Cu F.Paste F.Mask)
      (net 27 PIN_14))
    (pad 15 smd rect (at -1.75 4.238 90) (size 0.3 1.475) (layers F.Cu F.Paste F.Mask)
      (net 28 PIN_15))
    (pad 16 smd rect (at -1.25 4.238 90) (size 0.3 1.475) (layers F.Cu F.Paste F.Mask)
      (net 29 PIN_16))
    (pad 17 smd rect (at -0.75 4.238 90) (size 0.3 1.475) (layers F.Cu F.Paste F.Mask)
      (net 3 Earth))
    (pad 18 smd rect (at -0.25 4.238 90) (size 0.3 1.475) (layers F.Cu F.Paste F.Mask)
      (net 8 VUSB3V3))
    (pad 19 smd rect (at 0.25 4.238 90) (size 0.3 1.475) (layers F.Cu F.Paste F.Mask)
      (net 30 MCLR#))
    (pad 20 smd rect (at 0.75 4.238 90) (size 0.3 1.475) (layers F.Cu F.Paste F.Mask)
      (net 31 RX))
    (pad 21 smd rect (at 1.25 4.238 90) (size 0.3 1.475) (layers F.Cu F.Paste F.Mask)
      (net 32 PIN_21))
    (pad 22 smd rect (at 1.75 4.238 90) (size 0.3 1.475) (layers F.Cu F.Paste F.Mask)
      (net 33 PIN_22))
    (pad 23 smd rect (at 2.25 4.238 90) (size 0.3 1.475) (layers F.Cu F.Paste F.Mask)
      (net 34 PGED1))
    (pad 24 smd rect (at 2.75 4.238 90) (size 0.3 1.475) (layers F.Cu F.Paste F.Mask)
      (net 35 PGEC1))
    (pad 25 smd rect (at 4.238 2.75 180) (size 0.3 1.475) (layers F.Cu F.Paste F.Mask)
      (net 21 TECLADO))
    (pad 26 smd rect (at 4.238 2.25 180) (size 0.3 1.475) (layers F.Cu F.Paste F.Mask)
      (net 1 AN11))
    (pad 27 smd rect (at 4.238 1.75 180) (size 0.3 1.475) (layers F.Cu F.Paste F.Mask)
      (net 5 AN4))
    (pad 28 smd rect (at 4.238 1.25 180) (size 0.3 1.475) (layers F.Cu F.Paste F.Mask)
      (net 37 E))
    (pad 29 smd rect (at 4.238 0.75 180) (size 0.3 1.475) (layers F.Cu F.Paste F.Mask)
      (net 38 RS))
    (pad 30 smd rect (at 4.238 0.25 180) (size 0.3 1.475) (layers F.Cu F.Paste F.Mask)
      (net 8 VUSB3V3))
    (pad 31 smd rect (at 4.238 -0.25 180) (size 0.3 1.475) (layers F.Cu F.Paste F.Mask)
      (net 3 Earth))
    (pad 32 smd rect (at 4.238 -0.75 180) (size 0.3 1.475) (layers F.Cu F.Paste F.Mask)
      (net 39 D7))
    (pad 33 smd rect (at 4.238 -1.25 180) (size 0.3 1.475) (layers F.Cu F.Paste F.Mask)
      (net 40 D6))
    (pad 34 smd rect (at 4.238 -1.75 180) (size 0.3 1.475) (layers F.Cu F.Paste F.Mask)
      (net 41 D5))
    (pad 35 smd rect (at 4.238 -2.25 180) (size 0.3 1.475) (layers F.Cu F.Paste F.Mask)
      (net 42 D4))
    (pad 36 smd rect (at 4.238 -2.75 180) (size 0.3 1.475) (layers F.Cu F.Paste F.Mask)
      (net 43 PIN_36))
    (pad 37 smd rect (at 2.75 -4.238 90) (size 0.3 1.475) (layers F.Cu F.Paste F.Mask))
    (pad 38 smd rect (at 2.25 -4.238 90) (size 0.3 1.475) (layers F.Cu F.Paste F.Mask)
      (net 14 RST))
    (pad 39 smd rect (at 1.75 -4.238 90) (size 0.3 1.475) (layers F.Cu F.Paste F.Mask)
      (net 44 PIN_39))
    (pad 40 smd rect (at 1.25 -4.238 90) (size 0.3 1.475) (layers F.Cu F.Paste F.Mask)
      (net 45 PIN_40))
    (pad 41 smd rect (at 0.75 -4.238 90) (size 0.3 1.475) (layers F.Cu F.Paste F.Mask)
      (net 46 PIN_41))
    (pad 42 smd rect (at 0.25 -4.238 90) (size 0.3 1.475) (layers F.Cu F.Paste F.Mask)
      (net 3 Earth))
    (pad 43 smd rect (at -0.25 -4.238 90) (size 0.3 1.475) (layers F.Cu F.Paste F.Mask)
      (net 8 VUSB3V3))
    (pad 44 smd rect (at -0.75 -4.238 90) (size 0.3 1.475) (layers F.Cu F.Paste F.Mask)
      (net 47 TX))
    (pad 45 smd rect (at -1.25 -4.238 90) (size 0.3 1.475) (layers F.Cu F.Paste F.Mask)
      (net 48 PIN_45))
    (pad 46 smd rect (at -1.75 -4.238 90) (size 0.3 1.475) (layers F.Cu F.Paste F.Mask))
    (pad 47 smd rect (at -2.25 -4.238 90) (size 0.3 1.475) (layers F.Cu F.Paste F.Mask)
      (net 49 SDA))
    (pad 48 smd rect (at -2.75 -4.238 90) (size 0.3 1.475) (layers F.Cu F.Paste F.Mask)
      (net 50 PIN_48))
    (pad 49 smd rect (at 0 0 90) (size 3.5 3.5) (layers F.Cu F.Paste F.Mask))
    (model C:/Users/Usuario/Desktop/UNIFEI/5_semestre/aprendizagem_baseada_em_projetos/componentes/3D/PIC32MM0256GPM048-I_PT.stp
      (at (xyz 0 0 0))
      (scale (xyz 1 1 1))
      (rotate (xyz 0 0 0))
    )
  )

  (module LM358DG:SOIC127P600X175-8N (layer F.Cu) (tedit 0) (tstamp 5EB9DFA4)
    (at 153 80 180)
    (descr "SOIC-8 NB CAST 751-07")
    (tags "Integrated Circuit")
    (path /5EAA9A79)
    (attr smd)
    (fp_text reference AMP_OP1 (at 0 0 180) (layer F.SilkS)
      (effects (font (size 1.27 1.27) (thickness 0.254)))
    )
    (fp_text value LM358DG (at 0 0 180) (layer F.SilkS) hide
      (effects (font (size 1.27 1.27) (thickness 0.254)))
    )
    (fp_text user %R (at 0 0 180) (layer F.Fab)
      (effects (font (size 1.27 1.27) (thickness 0.254)))
    )
    (fp_line (start -3.725 -2.75) (end 3.725 -2.75) (layer F.CrtYd) (width 0.05))
    (fp_line (start 3.725 -2.75) (end 3.725 2.75) (layer F.CrtYd) (width 0.05))
    (fp_line (start 3.725 2.75) (end -3.725 2.75) (layer F.CrtYd) (width 0.05))
    (fp_line (start -3.725 2.75) (end -3.725 -2.75) (layer F.CrtYd) (width 0.05))
    (fp_line (start -1.95 -2.45) (end 1.95 -2.45) (layer F.Fab) (width 0.1))
    (fp_line (start 1.95 -2.45) (end 1.95 2.45) (layer F.Fab) (width 0.1))
    (fp_line (start 1.95 2.45) (end -1.95 2.45) (layer F.Fab) (width 0.1))
    (fp_line (start -1.95 2.45) (end -1.95 -2.45) (layer F.Fab) (width 0.1))
    (fp_line (start -1.95 -1.18) (end -0.68 -2.45) (layer F.Fab) (width 0.1))
    (fp_line (start -1.6 -2.45) (end 1.6 -2.45) (layer F.SilkS) (width 0.2))
    (fp_line (start 1.6 -2.45) (end 1.6 2.45) (layer F.SilkS) (width 0.2))
    (fp_line (start 1.6 2.45) (end -1.6 2.45) (layer F.SilkS) (width 0.2))
    (fp_line (start -1.6 2.45) (end -1.6 -2.45) (layer F.SilkS) (width 0.2))
    (fp_line (start -3.475 -2.605) (end -1.95 -2.605) (layer F.SilkS) (width 0.2))
    (pad 1 smd rect (at -2.712 -1.905 270) (size 0.7 1.525) (layers F.Cu F.Paste F.Mask)
      (net 1 AN11))
    (pad 2 smd rect (at -2.712 -0.635 270) (size 0.7 1.525) (layers F.Cu F.Paste F.Mask))
    (pad 3 smd rect (at -2.712 0.635 270) (size 0.7 1.525) (layers F.Cu F.Paste F.Mask)
      (net 2 IN_A))
    (pad 4 smd rect (at -2.712 1.905 270) (size 0.7 1.525) (layers F.Cu F.Paste F.Mask)
      (net 3 Earth))
    (pad 5 smd rect (at 2.712 1.905 270) (size 0.7 1.525) (layers F.Cu F.Paste F.Mask)
      (net 4 IN_B))
    (pad 6 smd rect (at 2.712 0.635 270) (size 0.7 1.525) (layers F.Cu F.Paste F.Mask))
    (pad 7 smd rect (at 2.712 -0.635 270) (size 0.7 1.525) (layers F.Cu F.Paste F.Mask)
      (net 5 AN4))
    (pad 8 smd rect (at 2.712 -1.905 270) (size 0.7 1.525) (layers F.Cu F.Paste F.Mask)
      (net 6 VBUS))
    (model C:/Users/Usuario/Desktop/UNIFEI/5_semestre/aprendizagem_baseada_em_projetos/componentes/3D/LM358DG.stp
      (at (xyz 0 0 0))
      (scale (xyz 1 1 1))
      (rotate (xyz 0 0 0))
    )
  )

  (module Capacitor_SMD:C_0805_2012Metric (layer F.Cu) (tedit 5EB9D533) (tstamp 5EB9DFB5)
    (at 87 77 270)
    (descr "Capacitor SMD 0805 (2012 Metric), square (rectangular) end terminal, IPC_7351 nominal, (Body size source: https://docs.google.com/spreadsheets/d/1BsfQQcO9C6DZCsRaXUlFlo91Tg2WpOkGARC1WS5S8t0/edit?usp=sharing), generated with kicad-footprint-generator")
    (tags capacitor)
    (path /5E950E09)
    (attr smd)
    (fp_text reference C1 (at 0.1906 0.132 270) (layer F.SilkS)
      (effects (font (size 1 1) (thickness 0.15)))
    )
    (fp_text value 100nF (at 0 1.65 270) (layer F.Fab)
      (effects (font (size 1 1) (thickness 0.15)))
    )
    (fp_line (start -1 0.6) (end -1 -0.6) (layer F.Fab) (width 0.1))
    (fp_line (start -1 -0.6) (end 1 -0.6) (layer F.Fab) (width 0.1))
    (fp_line (start 1 -0.6) (end 1 0.6) (layer F.Fab) (width 0.1))
    (fp_line (start 1 0.6) (end -1 0.6) (layer F.Fab) (width 0.1))
    (fp_line (start -0.258578 -0.71) (end 0.258578 -0.71) (layer F.SilkS) (width 0.12))
    (fp_line (start -0.258578 0.71) (end 0.258578 0.71) (layer F.SilkS) (width 0.12))
    (fp_line (start -1.68 0.95) (end -1.68 -0.95) (layer F.CrtYd) (width 0.05))
    (fp_line (start -1.68 -0.95) (end 1.68 -0.95) (layer F.CrtYd) (width 0.05))
    (fp_line (start 1.68 -0.95) (end 1.68 0.95) (layer F.CrtYd) (width 0.05))
    (fp_line (start 1.68 0.95) (end -1.68 0.95) (layer F.CrtYd) (width 0.05))
    (fp_text user %R (at 0 0 270) (layer F.Fab)
      (effects (font (size 0.5 0.5) (thickness 0.08)))
    )
    (pad 1 smd roundrect (at -0.9375 0 270) (size 0.975 1.4) (layers F.Cu F.Paste F.Mask) (roundrect_rratio 0.25)
      (net 7 Vin))
    (pad 2 smd roundrect (at 0.9375 0 270) (size 0.975 1.4) (layers F.Cu F.Paste F.Mask) (roundrect_rratio 0.25)
      (net 3 Earth))
    (model ${KISYS3DMOD}/Capacitor_SMD.3dshapes/C_0805_2012Metric.wrl
      (at (xyz 0 0 0))
      (scale (xyz 1 1 1))
      (rotate (xyz 0 0 0))
    )
  )

  (module Capacitor_SMD:C_1206_3216Metric (layer F.Cu) (tedit 5EB9D51C) (tstamp 5EB9DFC6)
    (at 90 69 90)
    (descr "Capacitor SMD 1206 (3216 Metric), square (rectangular) end terminal, IPC_7351 nominal, (Body size source: http://www.tortai-tech.com/upload/download/2011102023233369053.pdf), generated with kicad-footprint-generator")
    (tags capacitor)
    (path /5E952FCC)
    (attr smd)
    (fp_text reference C2 (at -0.0626 0.0684 90) (layer F.SilkS)
      (effects (font (size 1 1) (thickness 0.15)))
    )
    (fp_text value 10uF (at 0 1.82 90) (layer F.Fab)
      (effects (font (size 1 1) (thickness 0.15)))
    )
    (fp_text user %R (at 0 0 90) (layer F.Fab)
      (effects (font (size 0.8 0.8) (thickness 0.12)))
    )
    (fp_line (start 2.28 1.12) (end -2.28 1.12) (layer F.CrtYd) (width 0.05))
    (fp_line (start 2.28 -1.12) (end 2.28 1.12) (layer F.CrtYd) (width 0.05))
    (fp_line (start -2.28 -1.12) (end 2.28 -1.12) (layer F.CrtYd) (width 0.05))
    (fp_line (start -2.28 1.12) (end -2.28 -1.12) (layer F.CrtYd) (width 0.05))
    (fp_line (start -0.602064 0.91) (end 0.602064 0.91) (layer F.SilkS) (width 0.12))
    (fp_line (start -0.602064 -0.91) (end 0.602064 -0.91) (layer F.SilkS) (width 0.12))
    (fp_line (start 1.6 0.8) (end -1.6 0.8) (layer F.Fab) (width 0.1))
    (fp_line (start 1.6 -0.8) (end 1.6 0.8) (layer F.Fab) (width 0.1))
    (fp_line (start -1.6 -0.8) (end 1.6 -0.8) (layer F.Fab) (width 0.1))
    (fp_line (start -1.6 0.8) (end -1.6 -0.8) (layer F.Fab) (width 0.1))
    (pad 2 smd roundrect (at 1.4 0 90) (size 1.25 1.75) (layers F.Cu F.Paste F.Mask) (roundrect_rratio 0.2)
      (net 3 Earth))
    (pad 1 smd roundrect (at -1.4 0 90) (size 1.25 1.75) (layers F.Cu F.Paste F.Mask) (roundrect_rratio 0.2)
      (net 6 VBUS))
    (model ${KISYS3DMOD}/Capacitor_SMD.3dshapes/C_1206_3216Metric.wrl
      (at (xyz 0 0 0))
      (scale (xyz 1 1 1))
      (rotate (xyz 0 0 0))
    )
  )

  (module Capacitor_SMD:C_0805_2012Metric (layer F.Cu) (tedit 5EB9D4E3) (tstamp 5EB9DFD7)
    (at 87 69 90)
    (descr "Capacitor SMD 0805 (2012 Metric), square (rectangular) end terminal, IPC_7351 nominal, (Body size source: https://docs.google.com/spreadsheets/d/1BsfQQcO9C6DZCsRaXUlFlo91Tg2WpOkGARC1WS5S8t0/edit?usp=sharing), generated with kicad-footprint-generator")
    (tags capacitor)
    (path /5E9589C8)
    (attr smd)
    (fp_text reference C3 (at -0.0118 0.1728 90) (layer F.SilkS)
      (effects (font (size 1 1) (thickness 0.15)))
    )
    (fp_text value 100nF (at 0 1.65 90) (layer F.Fab)
      (effects (font (size 1 1) (thickness 0.15)))
    )
    (fp_text user %R (at 0 0 90) (layer F.Fab)
      (effects (font (size 0.5 0.5) (thickness 0.08)))
    )
    (fp_line (start 1.68 0.95) (end -1.68 0.95) (layer F.CrtYd) (width 0.05))
    (fp_line (start 1.68 -0.95) (end 1.68 0.95) (layer F.CrtYd) (width 0.05))
    (fp_line (start -1.68 -0.95) (end 1.68 -0.95) (layer F.CrtYd) (width 0.05))
    (fp_line (start -1.68 0.95) (end -1.68 -0.95) (layer F.CrtYd) (width 0.05))
    (fp_line (start -0.258578 0.71) (end 0.258578 0.71) (layer F.SilkS) (width 0.12))
    (fp_line (start -0.258578 -0.71) (end 0.258578 -0.71) (layer F.SilkS) (width 0.12))
    (fp_line (start 1 0.6) (end -1 0.6) (layer F.Fab) (width 0.1))
    (fp_line (start 1 -0.6) (end 1 0.6) (layer F.Fab) (width 0.1))
    (fp_line (start -1 -0.6) (end 1 -0.6) (layer F.Fab) (width 0.1))
    (fp_line (start -1 0.6) (end -1 -0.6) (layer F.Fab) (width 0.1))
    (pad 2 smd roundrect (at 0.9375 0 90) (size 0.975 1.4) (layers F.Cu F.Paste F.Mask) (roundrect_rratio 0.25)
      (net 3 Earth))
    (pad 1 smd roundrect (at -0.9375 0 90) (size 0.975 1.4) (layers F.Cu F.Paste F.Mask) (roundrect_rratio 0.25)
      (net 7 Vin))
    (model ${KISYS3DMOD}/Capacitor_SMD.3dshapes/C_0805_2012Metric.wrl
      (at (xyz 0 0 0))
      (scale (xyz 1 1 1))
      (rotate (xyz 0 0 0))
    )
  )

  (module Capacitor_SMD:C_1206_3216Metric (layer F.Cu) (tedit 5EB9D50E) (tstamp 5EB9DFE8)
    (at 90 77 90)
    (descr "Capacitor SMD 1206 (3216 Metric), square (rectangular) end terminal, IPC_7351 nominal, (Body size source: http://www.tortai-tech.com/upload/download/2011102023233369053.pdf), generated with kicad-footprint-generator")
    (tags capacitor)
    (path /5E95A536)
    (attr smd)
    (fp_text reference C4 (at -0.1144 0.1446 90) (layer F.SilkS)
      (effects (font (size 1 1) (thickness 0.15)))
    )
    (fp_text value 10uF (at 0 1.82 90) (layer F.Fab)
      (effects (font (size 1 1) (thickness 0.15)))
    )
    (fp_line (start -1.6 0.8) (end -1.6 -0.8) (layer F.Fab) (width 0.1))
    (fp_line (start -1.6 -0.8) (end 1.6 -0.8) (layer F.Fab) (width 0.1))
    (fp_line (start 1.6 -0.8) (end 1.6 0.8) (layer F.Fab) (width 0.1))
    (fp_line (start 1.6 0.8) (end -1.6 0.8) (layer F.Fab) (width 0.1))
    (fp_line (start -0.602064 -0.91) (end 0.602064 -0.91) (layer F.SilkS) (width 0.12))
    (fp_line (start -0.602064 0.91) (end 0.602064 0.91) (layer F.SilkS) (width 0.12))
    (fp_line (start -2.28 1.12) (end -2.28 -1.12) (layer F.CrtYd) (width 0.05))
    (fp_line (start -2.28 -1.12) (end 2.28 -1.12) (layer F.CrtYd) (width 0.05))
    (fp_line (start 2.28 -1.12) (end 2.28 1.12) (layer F.CrtYd) (width 0.05))
    (fp_line (start 2.28 1.12) (end -2.28 1.12) (layer F.CrtYd) (width 0.05))
    (fp_text user %R (at 0 0 90) (layer F.Fab)
      (effects (font (size 0.8 0.8) (thickness 0.12)))
    )
    (pad 1 smd roundrect (at -1.4 0 90) (size 1.25 1.75) (layers F.Cu F.Paste F.Mask) (roundrect_rratio 0.2)
      (net 8 VUSB3V3))
    (pad 2 smd roundrect (at 1.4 0 90) (size 1.25 1.75) (layers F.Cu F.Paste F.Mask) (roundrect_rratio 0.2)
      (net 3 Earth))
    (model ${KISYS3DMOD}/Capacitor_SMD.3dshapes/C_1206_3216Metric.wrl
      (at (xyz 0 0 0))
      (scale (xyz 1 1 1))
      (rotate (xyz 0 0 0))
    )
  )

  (module Capacitor_SMD:C_0805_2012Metric (layer F.Cu) (tedit 5B36C52B) (tstamp 5EB9DFF9)
    (at 165 118 270)
    (descr "Capacitor SMD 0805 (2012 Metric), square (rectangular) end terminal, IPC_7351 nominal, (Body size source: https://docs.google.com/spreadsheets/d/1BsfQQcO9C6DZCsRaXUlFlo91Tg2WpOkGARC1WS5S8t0/edit?usp=sharing), generated with kicad-footprint-generator")
    (tags capacitor)
    (path /5E98FE73)
    (attr smd)
    (fp_text reference C5 (at -0.0678 -0.227 270) (layer F.SilkS)
      (effects (font (size 1 1) (thickness 0.15)))
    )
    (fp_text value 100nF (at 0 1.65 270) (layer F.Fab)
      (effects (font (size 1 1) (thickness 0.15)))
    )
    (fp_line (start -1 0.6) (end -1 -0.6) (layer F.Fab) (width 0.1))
    (fp_line (start -1 -0.6) (end 1 -0.6) (layer F.Fab) (width 0.1))
    (fp_line (start 1 -0.6) (end 1 0.6) (layer F.Fab) (width 0.1))
    (fp_line (start 1 0.6) (end -1 0.6) (layer F.Fab) (width 0.1))
    (fp_line (start -0.258578 -0.71) (end 0.258578 -0.71) (layer F.SilkS) (width 0.12))
    (fp_line (start -0.258578 0.71) (end 0.258578 0.71) (layer F.SilkS) (width 0.12))
    (fp_line (start -1.68 0.95) (end -1.68 -0.95) (layer F.CrtYd) (width 0.05))
    (fp_line (start -1.68 -0.95) (end 1.68 -0.95) (layer F.CrtYd) (width 0.05))
    (fp_line (start 1.68 -0.95) (end 1.68 0.95) (layer F.CrtYd) (width 0.05))
    (fp_line (start 1.68 0.95) (end -1.68 0.95) (layer F.CrtYd) (width 0.05))
    (fp_text user %R (at 0 0 270) (layer F.Fab)
      (effects (font (size 0.5 0.5) (thickness 0.08)))
    )
    (pad 1 smd roundrect (at -0.9375 0 270) (size 0.975 1.4) (layers F.Cu F.Paste F.Mask) (roundrect_rratio 0.25)
      (net 9 "Net-(C5-Pad1)"))
    (pad 2 smd roundrect (at 0.9375 0 270) (size 0.975 1.4) (layers F.Cu F.Paste F.Mask) (roundrect_rratio 0.25)
      (net 3 Earth))
    (model ${KISYS3DMOD}/Capacitor_SMD.3dshapes/C_0805_2012Metric.wrl
      (at (xyz 0 0 0))
      (scale (xyz 1 1 1))
      (rotate (xyz 0 0 0))
    )
  )

  (module Capacitor_SMD:C_0805_2012Metric (layer F.Cu) (tedit 5B36C52B) (tstamp 5EBF1BB8)
    (at 145.4404 90.0961 90)
    (descr "Capacitor SMD 0805 (2012 Metric), square (rectangular) end terminal, IPC_7351 nominal, (Body size source: https://docs.google.com/spreadsheets/d/1BsfQQcO9C6DZCsRaXUlFlo91Tg2WpOkGARC1WS5S8t0/edit?usp=sharing), generated with kicad-footprint-generator")
    (tags capacitor)
    (path /5E993DC2)
    (attr smd)
    (fp_text reference C6 (at 0.1293 -0.2286 90) (layer F.SilkS)
      (effects (font (size 1 1) (thickness 0.15)))
    )
    (fp_text value 100nF (at 0 1.65 90) (layer F.Fab)
      (effects (font (size 1 1) (thickness 0.15)))
    )
    (fp_text user %R (at 0 0 90) (layer F.Fab)
      (effects (font (size 0.5 0.5) (thickness 0.08)))
    )
    (fp_line (start 1.68 0.95) (end -1.68 0.95) (layer F.CrtYd) (width 0.05))
    (fp_line (start 1.68 -0.95) (end 1.68 0.95) (layer F.CrtYd) (width 0.05))
    (fp_line (start -1.68 -0.95) (end 1.68 -0.95) (layer F.CrtYd) (width 0.05))
    (fp_line (start -1.68 0.95) (end -1.68 -0.95) (layer F.CrtYd) (width 0.05))
    (fp_line (start -0.258578 0.71) (end 0.258578 0.71) (layer F.SilkS) (width 0.12))
    (fp_line (start -0.258578 -0.71) (end 0.258578 -0.71) (layer F.SilkS) (width 0.12))
    (fp_line (start 1 0.6) (end -1 0.6) (layer F.Fab) (width 0.1))
    (fp_line (start 1 -0.6) (end 1 0.6) (layer F.Fab) (width 0.1))
    (fp_line (start -1 -0.6) (end 1 -0.6) (layer F.Fab) (width 0.1))
    (fp_line (start -1 0.6) (end -1 -0.6) (layer F.Fab) (width 0.1))
    (pad 2 smd roundrect (at 0.9375 0 90) (size 0.975 1.4) (layers F.Cu F.Paste F.Mask) (roundrect_rratio 0.25)
      (net 3 Earth))
    (pad 1 smd roundrect (at -0.9375 0 90) (size 0.975 1.4) (layers F.Cu F.Paste F.Mask) (roundrect_rratio 0.25)
      (net 8 VUSB3V3))
    (model ${KISYS3DMOD}/Capacitor_SMD.3dshapes/C_0805_2012Metric.wrl
      (at (xyz 0 0 0))
      (scale (xyz 1 1 1))
      (rotate (xyz 0 0 0))
    )
  )

  (module Capacitor_SMD:C_0805_2012Metric (layer F.Cu) (tedit 5B36C52B) (tstamp 5EB9E01B)
    (at 136.398 98.044 180)
    (descr "Capacitor SMD 0805 (2012 Metric), square (rectangular) end terminal, IPC_7351 nominal, (Body size source: https://docs.google.com/spreadsheets/d/1BsfQQcO9C6DZCsRaXUlFlo91Tg2WpOkGARC1WS5S8t0/edit?usp=sharing), generated with kicad-footprint-generator")
    (tags capacitor)
    (path /5E994E9D)
    (attr smd)
    (fp_text reference C7 (at 0 -1.65 180) (layer F.SilkS)
      (effects (font (size 1 1) (thickness 0.15)))
    )
    (fp_text value 100nF (at 0 1.65 180) (layer F.Fab)
      (effects (font (size 1 1) (thickness 0.15)))
    )
    (fp_line (start -1 0.6) (end -1 -0.6) (layer F.Fab) (width 0.1))
    (fp_line (start -1 -0.6) (end 1 -0.6) (layer F.Fab) (width 0.1))
    (fp_line (start 1 -0.6) (end 1 0.6) (layer F.Fab) (width 0.1))
    (fp_line (start 1 0.6) (end -1 0.6) (layer F.Fab) (width 0.1))
    (fp_line (start -0.258578 -0.71) (end 0.258578 -0.71) (layer F.SilkS) (width 0.12))
    (fp_line (start -0.258578 0.71) (end 0.258578 0.71) (layer F.SilkS) (width 0.12))
    (fp_line (start -1.68 0.95) (end -1.68 -0.95) (layer F.CrtYd) (width 0.05))
    (fp_line (start -1.68 -0.95) (end 1.68 -0.95) (layer F.CrtYd) (width 0.05))
    (fp_line (start 1.68 -0.95) (end 1.68 0.95) (layer F.CrtYd) (width 0.05))
    (fp_line (start 1.68 0.95) (end -1.68 0.95) (layer F.CrtYd) (width 0.05))
    (fp_text user %R (at 0 0 180) (layer F.Fab)
      (effects (font (size 0.5 0.5) (thickness 0.08)))
    )
    (pad 1 smd roundrect (at -0.9375 0 180) (size 0.975 1.4) (layers F.Cu F.Paste F.Mask) (roundrect_rratio 0.25)
      (net 8 VUSB3V3))
    (pad 2 smd roundrect (at 0.9375 0 180) (size 0.975 1.4) (layers F.Cu F.Paste F.Mask) (roundrect_rratio 0.25)
      (net 3 Earth))
    (model ${KISYS3DMOD}/Capacitor_SMD.3dshapes/C_0805_2012Metric.wrl
      (at (xyz 0 0 0))
      (scale (xyz 1 1 1))
      (rotate (xyz 0 0 0))
    )
  )

  (module Capacitor_SMD:C_0805_2012Metric (layer F.Cu) (tedit 5B36C52B) (tstamp 5EB9E02C)
    (at 157.5331 103.4034)
    (descr "Capacitor SMD 0805 (2012 Metric), square (rectangular) end terminal, IPC_7351 nominal, (Body size source: https://docs.google.com/spreadsheets/d/1BsfQQcO9C6DZCsRaXUlFlo91Tg2WpOkGARC1WS5S8t0/edit?usp=sharing), generated with kicad-footprint-generator")
    (tags capacitor)
    (path /5E995911)
    (attr smd)
    (fp_text reference C8 (at 0.2517 -3.3528) (layer F.SilkS)
      (effects (font (size 1 1) (thickness 0.15)))
    )
    (fp_text value 100nF (at 0 1.65) (layer F.Fab)
      (effects (font (size 1 1) (thickness 0.15)))
    )
    (fp_text user %R (at 0 0) (layer F.Fab)
      (effects (font (size 0.5 0.5) (thickness 0.08)))
    )
    (fp_line (start 1.68 0.95) (end -1.68 0.95) (layer F.CrtYd) (width 0.05))
    (fp_line (start 1.68 -0.95) (end 1.68 0.95) (layer F.CrtYd) (width 0.05))
    (fp_line (start -1.68 -0.95) (end 1.68 -0.95) (layer F.CrtYd) (width 0.05))
    (fp_line (start -1.68 0.95) (end -1.68 -0.95) (layer F.CrtYd) (width 0.05))
    (fp_line (start -0.258578 0.71) (end 0.258578 0.71) (layer F.SilkS) (width 0.12))
    (fp_line (start -0.258578 -0.71) (end 0.258578 -0.71) (layer F.SilkS) (width 0.12))
    (fp_line (start 1 0.6) (end -1 0.6) (layer F.Fab) (width 0.1))
    (fp_line (start 1 -0.6) (end 1 0.6) (layer F.Fab) (width 0.1))
    (fp_line (start -1 -0.6) (end 1 -0.6) (layer F.Fab) (width 0.1))
    (fp_line (start -1 0.6) (end -1 -0.6) (layer F.Fab) (width 0.1))
    (pad 2 smd roundrect (at 0.9375 0) (size 0.975 1.4) (layers F.Cu F.Paste F.Mask) (roundrect_rratio 0.25)
      (net 3 Earth))
    (pad 1 smd roundrect (at -0.9375 0) (size 0.975 1.4) (layers F.Cu F.Paste F.Mask) (roundrect_rratio 0.25)
      (net 8 VUSB3V3))
    (model ${KISYS3DMOD}/Capacitor_SMD.3dshapes/C_0805_2012Metric.wrl
      (at (xyz 0 0 0))
      (scale (xyz 1 1 1))
      (rotate (xyz 0 0 0))
    )
  )

  (module Capacitor_SMD:C_0805_2012Metric (layer F.Cu) (tedit 5B36C52B) (tstamp 5EB9E03D)
    (at 145 107 270)
    (descr "Capacitor SMD 0805 (2012 Metric), square (rectangular) end terminal, IPC_7351 nominal, (Body size source: https://docs.google.com/spreadsheets/d/1BsfQQcO9C6DZCsRaXUlFlo91Tg2WpOkGARC1WS5S8t0/edit?usp=sharing), generated with kicad-footprint-generator")
    (tags capacitor)
    (path /5E99B1D3)
    (attr smd)
    (fp_text reference C9 (at -0.0406 -0.0848 270) (layer F.SilkS)
      (effects (font (size 1 1) (thickness 0.15)))
    )
    (fp_text value 10uF (at 0 1.65 270) (layer F.Fab)
      (effects (font (size 1 1) (thickness 0.15)))
    )
    (fp_text user %R (at 0 0 270) (layer F.Fab)
      (effects (font (size 0.5 0.5) (thickness 0.08)))
    )
    (fp_line (start 1.68 0.95) (end -1.68 0.95) (layer F.CrtYd) (width 0.05))
    (fp_line (start 1.68 -0.95) (end 1.68 0.95) (layer F.CrtYd) (width 0.05))
    (fp_line (start -1.68 -0.95) (end 1.68 -0.95) (layer F.CrtYd) (width 0.05))
    (fp_line (start -1.68 0.95) (end -1.68 -0.95) (layer F.CrtYd) (width 0.05))
    (fp_line (start -0.258578 0.71) (end 0.258578 0.71) (layer F.SilkS) (width 0.12))
    (fp_line (start -0.258578 -0.71) (end 0.258578 -0.71) (layer F.SilkS) (width 0.12))
    (fp_line (start 1 0.6) (end -1 0.6) (layer F.Fab) (width 0.1))
    (fp_line (start 1 -0.6) (end 1 0.6) (layer F.Fab) (width 0.1))
    (fp_line (start -1 -0.6) (end 1 -0.6) (layer F.Fab) (width 0.1))
    (fp_line (start -1 0.6) (end -1 -0.6) (layer F.Fab) (width 0.1))
    (pad 2 smd roundrect (at 0.9375 0 270) (size 0.975 1.4) (layers F.Cu F.Paste F.Mask) (roundrect_rratio 0.25)
      (net 3 Earth))
    (pad 1 smd roundrect (at -0.9375 0 270) (size 0.975 1.4) (layers F.Cu F.Paste F.Mask) (roundrect_rratio 0.25)
      (net 10 VCAP))
    (model ${KISYS3DMOD}/Capacitor_SMD.3dshapes/C_0805_2012Metric.wrl
      (at (xyz 0 0 0))
      (scale (xyz 1 1 1))
      (rotate (xyz 0 0 0))
    )
  )

  (module Capacitor_SMD:C_0805_2012Metric (layer F.Cu) (tedit 5B36C52B) (tstamp 5EB9E04E)
    (at 147.955 106.9871 270)
    (descr "Capacitor SMD 0805 (2012 Metric), square (rectangular) end terminal, IPC_7351 nominal, (Body size source: https://docs.google.com/spreadsheets/d/1BsfQQcO9C6DZCsRaXUlFlo91Tg2WpOkGARC1WS5S8t0/edit?usp=sharing), generated with kicad-footprint-generator")
    (tags capacitor)
    (path /5EA2D4A2)
    (attr smd)
    (fp_text reference C10 (at 0.1755 0.1016 270) (layer F.SilkS)
      (effects (font (size 1 1) (thickness 0.15)))
    )
    (fp_text value 100nF (at 0 1.65 270) (layer F.Fab)
      (effects (font (size 1 1) (thickness 0.15)))
    )
    (fp_line (start -1 0.6) (end -1 -0.6) (layer F.Fab) (width 0.1))
    (fp_line (start -1 -0.6) (end 1 -0.6) (layer F.Fab) (width 0.1))
    (fp_line (start 1 -0.6) (end 1 0.6) (layer F.Fab) (width 0.1))
    (fp_line (start 1 0.6) (end -1 0.6) (layer F.Fab) (width 0.1))
    (fp_line (start -0.258578 -0.71) (end 0.258578 -0.71) (layer F.SilkS) (width 0.12))
    (fp_line (start -0.258578 0.71) (end 0.258578 0.71) (layer F.SilkS) (width 0.12))
    (fp_line (start -1.68 0.95) (end -1.68 -0.95) (layer F.CrtYd) (width 0.05))
    (fp_line (start -1.68 -0.95) (end 1.68 -0.95) (layer F.CrtYd) (width 0.05))
    (fp_line (start 1.68 -0.95) (end 1.68 0.95) (layer F.CrtYd) (width 0.05))
    (fp_line (start 1.68 0.95) (end -1.68 0.95) (layer F.CrtYd) (width 0.05))
    (fp_text user %R (at 0 0 270) (layer F.Fab)
      (effects (font (size 0.5 0.5) (thickness 0.08)))
    )
    (pad 1 smd roundrect (at -0.9375 0 270) (size 0.975 1.4) (layers F.Cu F.Paste F.Mask) (roundrect_rratio 0.25)
      (net 8 VUSB3V3))
    (pad 2 smd roundrect (at 0.9375 0 270) (size 0.975 1.4) (layers F.Cu F.Paste F.Mask) (roundrect_rratio 0.25)
      (net 3 Earth))
    (model ${KISYS3DMOD}/Capacitor_SMD.3dshapes/C_0805_2012Metric.wrl
      (at (xyz 0 0 0))
      (scale (xyz 1 1 1))
      (rotate (xyz 0 0 0))
    )
  )

  (module Capacitor_SMD:C_0805_2012Metric (layer F.Cu) (tedit 5B36C52B) (tstamp 5EB9E05F)
    (at 107.823 94.0331 90)
    (descr "Capacitor SMD 0805 (2012 Metric), square (rectangular) end terminal, IPC_7351 nominal, (Body size source: https://docs.google.com/spreadsheets/d/1BsfQQcO9C6DZCsRaXUlFlo91Tg2WpOkGARC1WS5S8t0/edit?usp=sharing), generated with kicad-footprint-generator")
    (tags capacitor)
    (path /5EA3E605)
    (attr smd)
    (fp_text reference C11 (at 0 -1.65 90) (layer F.SilkS)
      (effects (font (size 1 1) (thickness 0.15)))
    )
    (fp_text value 100nF (at 0 1.65 90) (layer F.Fab)
      (effects (font (size 1 1) (thickness 0.15)))
    )
    (fp_line (start -1 0.6) (end -1 -0.6) (layer F.Fab) (width 0.1))
    (fp_line (start -1 -0.6) (end 1 -0.6) (layer F.Fab) (width 0.1))
    (fp_line (start 1 -0.6) (end 1 0.6) (layer F.Fab) (width 0.1))
    (fp_line (start 1 0.6) (end -1 0.6) (layer F.Fab) (width 0.1))
    (fp_line (start -0.258578 -0.71) (end 0.258578 -0.71) (layer F.SilkS) (width 0.12))
    (fp_line (start -0.258578 0.71) (end 0.258578 0.71) (layer F.SilkS) (width 0.12))
    (fp_line (start -1.68 0.95) (end -1.68 -0.95) (layer F.CrtYd) (width 0.05))
    (fp_line (start -1.68 -0.95) (end 1.68 -0.95) (layer F.CrtYd) (width 0.05))
    (fp_line (start 1.68 -0.95) (end 1.68 0.95) (layer F.CrtYd) (width 0.05))
    (fp_line (start 1.68 0.95) (end -1.68 0.95) (layer F.CrtYd) (width 0.05))
    (fp_text user %R (at 0 0 90) (layer F.Fab)
      (effects (font (size 0.5 0.5) (thickness 0.08)))
    )
    (pad 1 smd roundrect (at -0.9375 0 90) (size 0.975 1.4) (layers F.Cu F.Paste F.Mask) (roundrect_rratio 0.25)
      (net 3 Earth))
    (pad 2 smd roundrect (at 0.9375 0 90) (size 0.975 1.4) (layers F.Cu F.Paste F.Mask) (roundrect_rratio 0.25)
      (net 11 "Net-(C11-Pad2)"))
    (model ${KISYS3DMOD}/Capacitor_SMD.3dshapes/C_0805_2012Metric.wrl
      (at (xyz 0 0 0))
      (scale (xyz 1 1 1))
      (rotate (xyz 0 0 0))
    )
  )

  (module Capacitor_SMD:C_0805_2012Metric (layer F.Cu) (tedit 5B36C52B) (tstamp 5EB9E070)
    (at 122.7305 101.2698)
    (descr "Capacitor SMD 0805 (2012 Metric), square (rectangular) end terminal, IPC_7351 nominal, (Body size source: https://docs.google.com/spreadsheets/d/1BsfQQcO9C6DZCsRaXUlFlo91Tg2WpOkGARC1WS5S8t0/edit?usp=sharing), generated with kicad-footprint-generator")
    (tags capacitor)
    (path /5EA48152)
    (attr smd)
    (fp_text reference C12 (at -0.0485 -0.1778) (layer F.SilkS)
      (effects (font (size 1 1) (thickness 0.15)))
    )
    (fp_text value 100nF (at 0 1.65) (layer F.Fab)
      (effects (font (size 1 1) (thickness 0.15)))
    )
    (fp_line (start -1 0.6) (end -1 -0.6) (layer F.Fab) (width 0.1))
    (fp_line (start -1 -0.6) (end 1 -0.6) (layer F.Fab) (width 0.1))
    (fp_line (start 1 -0.6) (end 1 0.6) (layer F.Fab) (width 0.1))
