(kicad_pcb (version 20171130) (host pcbnew "(5.1.5)-3")

  (general
    (thickness 1.6)
    (drawings 4)
    (tracks 378)
    (zones 0)
    (modules 41)
    (nets 72)
  )

  (page A4)
  (title_block
    (title "Sub circuito do microcontrolador")
    (date 2020-04-14)
    (rev "Laura Pereira")
    (company Layout)
  )

  (layers
    (0 F.Cu signal)
    (31 B.Cu signal)
    (32 B.Adhes user)
    (33 F.Adhes user)
    (34 B.Paste user)
    (35 F.Paste user)
    (36 B.SilkS user)
    (37 F.SilkS user)
    (38 B.Mask user)
    (39 F.Mask user)
    (40 Dwgs.User user)
    (41 Cmts.User user)
    (42 Eco1.User user)
    (43 Eco2.User user)
    (44 Edge.Cuts user)
    (45 Margin user)
    (46 B.CrtYd user)
    (47 F.CrtYd user)
    (48 B.Fab user)
    (49 F.Fab user)
  )

  (setup
    (last_trace_width 0.254)
    (trace_clearance 0.3048)
    (zone_clearance 0.508)
    (zone_45_only no)
    (trace_min 0.2)
    (via_size 0.8)
    (via_drill 0.4)
    (via_min_size 0.4)
    (via_min_drill 0.3)
    (uvia_size 0.3508)
    (uvia_drill 0.3286)
    (uvias_allowed no)
    (uvia_min_size 0.2)
    (uvia_min_drill 0.1)
    (edge_width 0.05)
    (segment_width 0.2)
    (pcb_text_width 0.3)
    (pcb_text_size 1.5 1.5)
    (mod_edge_width 0.12)
    (mod_text_size 1 1)
    (mod_text_width 0.15)
    (pad_size 1.524 1.524)
    (pad_drill 0.762)
    (pad_to_mask_clearance 0.051)
    (solder_mask_min_width 0.25)
    (aux_axis_origin 0 0)
    (visible_elements 7FFDFFFF)
    (pcbplotparams
      (layerselection 0x010fc_ffffffff)
      (usegerberextensions false)
      (usegerberattributes false)
      (usegerberadvancedattributes false)
      (creategerberjobfile false)
      (excludeedgelayer true)
      (linewidth 0.100000)
      (plotframeref false)
      (viasonmask false)
      (mode 1)
      (useauxorigin false)
      (hpglpennumber 1)
      (hpglpenspeed 20)
      (hpglpendiameter 15.000000)
      (psnegative false)
      (psa4output false)
      (plotreference true)
      (plotvalue true)
      (plotinvisibletext false)
      (padsonsilk false)
      (subtractmaskfromsilk false)
      (outputformat 1)
      (mirror false)
      (drillshape 1)
      (scaleselection 1)
      (outputdirectory ""))
  )

  (net 0 "")
  (net 1 "Net-(C5-Pad1)")
  (net 2 Earth)
  (net 3 VCAP)
  (net 4 "Net-(LED2-Pad1)")
  (net 5 MCLR#)
  (net 6 "Net-(LED3-Pad1)")
  (net 7 TMS)
  (net 8 PIN_2)
  (net 9 PIN_3)
  (net 10 PIN_4)
  (net 11 PGEC3)
  (net 12 PIN_8)
  (net 13 RB10)
  (net 14 RB11)
  (net 15 VUSB3V3)
  (net 16 RB13)
  (net 17 PD1)
  (net 18 PD2)
  (net 19 PD3)
  (net 20 PD4)
  (net 21 RA6)
  (net 22 PGEC2)
  (net 23 PGED2)
  (net 24 PGED1)
  (net 25 PGEC1)
  (net 26 RB2)
  (net 27 RB3)
  (net 28 RC0)
  (net 29 RC1)
  (net 30 RC2)
  (net 31 RA2)
  (net 32 RA3)
  (net 33 RA8)
  (net 34 RB4)
  (net 35 RA4)
  (net 36 RA9)
  (net 37 RD0)
  (net 38 RC3)
  (net 39 RC4)
  (net 40 RC5)
  (net 41 RC12)
  (net 42 PGED3)
  (net 43 RB7)
  (net 44 RB8)
  (net 45 VBUS1)
  (net 46 "Net-(J5-Pad1)")
  (net 47 Vin)
  (net 48 VBUS)
  (net 49 "Net-(C11-Pad2)")
  (net 50 OSC1)
  (net 51 OSC2)
  (net 52 "Net-(D_Schottky1-Pad2)")
  (net 53 D+)
  (net 54 D-)
  (net 55 VSUB1)
  (net 56 RX)
  (net 57 TX)
  (net 58 "Net-(LED_1-Pad2)")
  (net 59 "Net-(LED_4-Pad1)")
  (net 60 "Net-(LED_5-Pad1)")
  (net 61 RxLED)
  (net 62 TxLED)
  (net 63 RST)
  (net 64 "Net-(U3-Pad7)")
  (net 65 "Net-(U3-Pad8)")
  (net 66 "Net-(U3-Pad9)")
  (net 67 "Net-(U3-Pad11)")
  (net 68 "Net-(U3-Pad13)")
  (net 69 "Net-(U3-Pad14)")
  (net 70 "Net-(U3-Pad15)")
  (net 71 "Net-(U3-Pad16)")

  (net_class Default "Esta é a classe de rede padrão."
    (clearance 0.3048)
    (trace_width 0.254)
    (via_dia 0.8)
    (via_drill 0.4)
    (uvia_dia 0.3508)
    (uvia_drill 0.3286)
    (add_net D+)
    (add_net Earth)
    (add_net "Net-(C11-Pad2)")
    (add_net "Net-(C5-Pad1)")
    (add_net "Net-(D_Schottky1-Pad2)")
    (add_net "Net-(J5-Pad1)")
    (add_net "Net-(LED2-Pad1)")
    (add_net "Net-(LED3-Pad1)")
    (add_net "Net-(LED_1-Pad2)")
    (add_net "Net-(LED_4-Pad1)")
    (add_net "Net-(LED_5-Pad1)")
    (add_net "Net-(U3-Pad11)")
    (add_net "Net-(U3-Pad13)")
    (add_net "Net-(U3-Pad14)")
    (add_net "Net-(U3-Pad15)")
    (add_net "Net-(U3-Pad16)")
    (add_net "Net-(U3-Pad7)")
    (add_net "Net-(U3-Pad8)")
    (add_net "Net-(U3-Pad9)")
    (add_net OSC1)
    (add_net OSC2)
    (add_net PD1)
    (add_net PD2)
    (add_net PD3)
    (add_net PD4)
    (add_net PGEC1)
    (add_net PGEC2)
    (add_net PGEC3)
    (add_net PGED1)
    (add_net PGED2)
    (add_net PGED3)
    (add_net PIN_2)
    (add_net PIN_3)
    (add_net PIN_4)
    (add_net PIN_8)
    (add_net RA2)
    (add_net RA3)
    (add_net RA4)
    (add_net RA6)
    (add_net RA8)
    (add_net RA9)
    (add_net RB10)
    (add_net RB11)
    (add_net RB13)
    (add_net RB2)
    (add_net RB3)
    (add_net RB4)
    (add_net RB7)
    (add_net RB8)
    (add_net RC0)
    (add_net RC1)
    (add_net RC12)
    (add_net RC2)
    (add_net RC3)
    (add_net RC4)
    (add_net RC5)
    (add_net RD0)
    (add_net RST)
    (add_net RX)
    (add_net RxLED)
    (add_net TMS)
    (add_net TX)
    (add_net TxLED)
    (add_net VBUS)
    (add_net VBUS1)
    (add_net VCAP)
    (add_net VSUB1)
    (add_net VUSB3V3)
  )

  (net_class Power ""
    (clearance 0.3302)
    (trace_width 0.381)
    (via_dia 0.8)
    (via_drill 0.4)
    (uvia_dia 0.3508)
    (uvia_drill 0.3286)
    (add_net D-)
    (add_net MCLR#)
    (add_net Vin)
  )

  (module Capacitor_SMD:C_0805_2012Metric (layer F.Cu) (tedit 5B36C52B) (tstamp 5E95C3E6)
    (at 134.062 77.5 180)
    (descr "Capacitor SMD 0805 (2012 Metric), square (rectangular) end terminal, IPC_7351 nominal, (Body size source: https://docs.google.com/spreadsheets/d/1BsfQQcO9C6DZCsRaXUlFlo91Tg2WpOkGARC1WS5S8t0/edit?usp=sharing), generated with kicad-footprint-generator")
    (tags capacitor)
    (path /5E98FE73)
    (attr smd)
    (fp_text reference C5 (at 0 -1.65) (layer F.SilkS)
      (effects (font (size 1 1) (thickness 0.15)))
    )
    (fp_text value 100nF (at 0 1.65) (layer F.Fab)
      (effects (font (size 1 1) (thickness 0.15)))
    )
    (fp_line (start -1 0.6) (end -1 -0.6) (layer F.Fab) (width 0.1))
    (fp_line (start -1 -0.6) (end 1 -0.6) (layer F.Fab) (width 0.1))
    (fp_line (start 1 -0.6) (end 1 0.6) (layer F.Fab) (width 0.1))
    (fp_line (start 1 0.6) (end -1 0.6) (layer F.Fab) (width 0.1))
    (fp_line (start -0.258578 -0.71) (end 0.258578 -0.71) (layer F.SilkS) (width 0.12))
    (fp_line (start -0.258578 0.71) (end 0.258578 0.71) (layer F.SilkS) (width 0.12))
    (fp_line (start -1.68 0.95) (end -1.68 -0.95) (layer F.CrtYd) (width 0.05))
    (fp_line (start -1.68 -0.95) (end 1.68 -0.95) (layer F.CrtYd) (width 0.05))
    (fp_line (start 1.68 -0.95) (end 1.68 0.95) (layer F.CrtYd) (width 0.05))
    (fp_line (start 1.68 0.95) (end -1.68 0.95) (layer F.CrtYd) (width 0.05))
    (fp_text user %R (at 0 0) (layer F.Fab)
      (effects (font (size 0.5 0.5) (thickness 0.08)))
    )
    (pad 1 smd roundrect (at -0.9375 0 180) (size 0.975 1.4) (layers F.Cu F.Paste F.Mask) (roundrect_rratio 0.25)
      (net 1 "Net-(C5-Pad1)"))
    (pad 2 smd roundrect (at 0.9375 0 180) (size 0.975 1.4) (layers F.Cu F.Paste F.Mask) (roundrect_rratio 0.25)
      (net 2 Earth))
    (model ${KISYS3DMOD}/Capacitor_SMD.3dshapes/C_0805_2012Metric.wrl
      (at (xyz 0 0 0))
      (scale (xyz 1 1 1))
      (rotate (xyz 0 0 0))
    )
  )

  (module Capacitor_SMD:C_0805_2012Metric (layer F.Cu) (tedit 5B36C52B) (tstamp 5E95C3F7)
    (at 100.938 71)
    (descr "Capacitor SMD 0805 (2012 Metric), square (rectangular) end terminal, IPC_7351 nominal, (Body size source: https://docs.google.com/spreadsheets/d/1BsfQQcO9C6DZCsRaXUlFlo91Tg2WpOkGARC1WS5S8t0/edit?usp=sharing), generated with kicad-footprint-generator")
    (tags capacitor)
    (path /5E993DC2)
    (attr smd)
    (fp_text reference C6 (at 0 -1.65) (layer F.SilkS)
      (effects (font (size 1 1) (thickness 0.15)))
    )
    (fp_text value 100nF (at 0 1.65) (layer F.Fab)
      (effects (font (size 1 1) (thickness 0.15)))
    )
    (fp_text user %R (at 0 0) (layer F.Fab)
      (effects (font (size 0.5 0.5) (thickness 0.08)))
    )
    (fp_line (start 1.68 0.95) (end -1.68 0.95) (layer F.CrtYd) (width 0.05))
    (fp_line (start 1.68 -0.95) (end 1.68 0.95) (layer F.CrtYd) (width 0.05))
    (fp_line (start -1.68 -0.95) (end 1.68 -0.95) (layer F.CrtYd) (width 0.05))
    (fp_line (start -1.68 0.95) (end -1.68 -0.95) (layer F.CrtYd) (width 0.05))
    (fp_line (start -0.258578 0.71) (end 0.258578 0.71) (layer F.SilkS) (width 0.12))
    (fp_line (start -0.258578 -0.71) (end 0.258578 -0.71) (layer F.SilkS) (width 0.12))
    (fp_line (start 1 0.6) (end -1 0.6) (layer F.Fab) (width 0.1))
    (fp_line (start 1 -0.6) (end 1 0.6) (layer F.Fab) (width 0.1))
    (fp_line (start -1 -0.6) (end 1 -0.6) (layer F.Fab) (width 0.1))
    (fp_line (start -1 0.6) (end -1 -0.6) (layer F.Fab) (width 0.1))
    (pad 2 smd roundrect (at 0.9375 0) (size 0.975 1.4) (layers F.Cu F.Paste F.Mask) (roundrect_rratio 0.25)
      (net 2 Earth))
    (pad 1 smd roundrect (at -0.9375 0) (size 0.975 1.4) (layers F.Cu F.Paste F.Mask) (roundrect_rratio 0.25)
      (net 15 VUSB3V3))
    (model ${KISYS3DMOD}/Capacitor_SMD.3dshapes/C_0805_2012Metric.wrl
      (at (xyz 0 0 0))
      (scale (xyz 1 1 1))
      (rotate (xyz 0 0 0))
    )
  )

  (module Capacitor_SMD:C_0805_2012Metric (layer F.Cu) (tedit 5B36C52B) (tstamp 5E95C408)
    (at 100.438 74.5)
    (descr "Capacitor SMD 0805 (2012 Metric), square (rectangular) end terminal, IPC_7351 nominal, (Body size source: https://docs.google.com/spreadsheets/d/1BsfQQcO9C6DZCsRaXUlFlo91Tg2WpOkGARC1WS5S8t0/edit?usp=sharing), generated with kicad-footprint-generator")
    (tags capacitor)
    (path /5E994E9D)
    (attr smd)
    (fp_text reference C7 (at 0 -1.65) (layer F.SilkS)
      (effects (font (size 1 1) (thickness 0.15)))
    )
    (fp_text value 100nF (at 0 1.65) (layer F.Fab)
      (effects (font (size 1 1) (thickness 0.15)))
    )
    (fp_line (start -1 0.6) (end -1 -0.6) (layer F.Fab) (width 0.1))
    (fp_line (start -1 -0.6) (end 1 -0.6) (layer F.Fab) (width 0.1))
    (fp_line (start 1 -0.6) (end 1 0.6) (layer F.Fab) (width 0.1))
    (fp_line (start 1 0.6) (end -1 0.6) (layer F.Fab) (width 0.1))
    (fp_line (start -0.258578 -0.71) (end 0.258578 -0.71) (layer F.SilkS) (width 0.12))
    (fp_line (start -0.258578 0.71) (end 0.258578 0.71) (layer F.SilkS) (width 0.12))
    (fp_line (start -1.68 0.95) (end -1.68 -0.95) (layer F.CrtYd) (width 0.05))
    (fp_line (start -1.68 -0.95) (end 1.68 -0.95) (layer F.CrtYd) (width 0.05))
    (fp_line (start 1.68 -0.95) (end 1.68 0.95) (layer F.CrtYd) (width 0.05))
    (fp_line (start 1.68 0.95) (end -1.68 0.95) (layer F.CrtYd) (width 0.05))
    (fp_text user %R (at 0 0) (layer F.Fab)
      (effects (font (size 0.5 0.5) (thickness 0.08)))
    )
    (pad 1 smd roundrect (at -0.9375 0) (size 0.975 1.4) (layers F.Cu F.Paste F.Mask) (roundrect_rratio 0.25)
      (net 15 VUSB3V3))
    (pad 2 smd roundrect (at 0.9375 0) (size 0.975 1.4) (layers F.Cu F.Paste F.Mask) (roundrect_rratio 0.25)
      (net 2 Earth))
    (model ${KISYS3DMOD}/Capacitor_SMD.3dshapes/C_0805_2012Metric.wrl
      (at (xyz 0 0 0))
      (scale (xyz 1 1 1))
      (rotate (xyz 0 0 0))
    )
  )

  (module Capacitor_SMD:C_0805_2012Metric (layer F.Cu) (tedit 5B36C52B) (tstamp 5E95C419)
    (at 88.5 67.4375 270)
    (descr "Capacitor SMD 0805 (2012 Metric), square (rectangular) end terminal, IPC_7351 nominal, (Body size source: https://docs.google.com/spreadsheets/d/1BsfQQcO9C6DZCsRaXUlFlo91Tg2WpOkGARC1WS5S8t0/edit?usp=sharing), generated with kicad-footprint-generator")
    (tags capacitor)
    (path /5E995911)
    (attr smd)
    (fp_text reference C8 (at 0 -1.65 90) (layer F.SilkS)
      (effects (font (size 1 1) (thickness 0.15)))
    )
    (fp_text value 100nF (at 0 1.65 90) (layer F.Fab)
      (effects (font (size 1 1) (thickness 0.15)))
    )
    (fp_text user %R (at 0 0 90) (layer F.Fab)
      (effects (font (size 0.5 0.5) (thickness 0.08)))
    )
    (fp_line (start 1.68 0.95) (end -1.68 0.95) (layer F.CrtYd) (width 0.05))
    (fp_line (start 1.68 -0.95) (end 1.68 0.95) (layer F.CrtYd) (width 0.05))
    (fp_line (start -1.68 -0.95) (end 1.68 -0.95) (layer F.CrtYd) (width 0.05))
    (fp_line (start -1.68 0.95) (end -1.68 -0.95) (layer F.CrtYd) (width 0.05))
    (fp_line (start -0.258578 0.71) (end 0.258578 0.71) (layer F.SilkS) (width 0.12))
    (fp_line (start -0.258578 -0.71) (end 0.258578 -0.71) (layer F.SilkS) (width 0.12))
    (fp_line (start 1 0.6) (end -1 0.6) (layer F.Fab) (width 0.1))
    (fp_line (start 1 -0.6) (end 1 0.6) (layer F.Fab) (width 0.1))
    (fp_line (start -1 -0.6) (end 1 -0.6) (layer F.Fab) (width 0.1))
    (fp_line (start -1 0.6) (end -1 -0.6) (layer F.Fab) (width 0.1))
    (pad 2 smd roundrect (at 0.9375 0 270) (size 0.975 1.4) (layers F.Cu F.Paste F.Mask) (roundrect_rratio 0.25)
      (net 2 Earth))
    (pad 1 smd roundrect (at -0.9375 0 270) (size 0.975 1.4) (layers F.Cu F.Paste F.Mask) (roundrect_rratio 0.25)
      (net 15 VUSB3V3))
    (model ${KISYS3DMOD}/Capacitor_SMD.3dshapes/C_0805_2012Metric.wrl
      (at (xyz 0 0 0))
      (scale (xyz 1 1 1))
      (rotate (xyz 0 0 0))
    )
  )

  (module Resistor_SMD:R_0805_2012Metric (layer F.Cu) (tedit 5B36C52B) (tstamp 5E95C463)
    (at 128.062 84)
    (descr "Resistor SMD 0805 (2012 Metric), square (rectangular) end terminal, IPC_7351 nominal, (Body size source: https://docs.google.com/spreadsheets/d/1BsfQQcO9C6DZCsRaXUlFlo91Tg2WpOkGARC1WS5S8t0/edit?usp=sharing), generated with kicad-footprint-generator")
    (tags resistor)
    (path /5E98AD42)
    (attr smd)
    (fp_text reference R9 (at 0 -1.65) (layer F.SilkS)
      (effects (font (size 1 1) (thickness 0.15)))
    )
    (fp_text value 10k (at 0 1.65) (layer F.Fab)
      (effects (font (size 1 1) (thickness 0.15)))
    )
    (fp_line (start -1 0.6) (end -1 -0.6) (layer F.Fab) (width 0.1))
    (fp_line (start -1 -0.6) (end 1 -0.6) (layer F.Fab) (width 0.1))
    (fp_line (start 1 -0.6) (end 1 0.6) (layer F.Fab) (width 0.1))
    (fp_line (start 1 0.6) (end -1 0.6) (layer F.Fab) (width 0.1))
    (fp_line (start -0.258578 -0.71) (end 0.258578 -0.71) (layer F.SilkS) (width 0.12))
    (fp_line (start -0.258578 0.71) (end 0.258578 0.71) (layer F.SilkS) (width 0.12))
    (fp_line (start -1.68 0.95) (end -1.68 -0.95) (layer F.CrtYd) (width 0.05))
    (fp_line (start -1.68 -0.95) (end 1.68 -0.95) (layer F.CrtYd) (width 0.05))
    (fp_line (start 1.68 -0.95) (end 1.68 0.95) (layer F.CrtYd) (width 0.05))
    (fp_line (start 1.68 0.95) (end -1.68 0.95) (layer F.CrtYd) (width 0.05))
    (fp_text user %R (at 0 0) (layer F.Fab)
      (effects (font (size 0.5 0.5) (thickness 0.08)))
    )
    (pad 1 smd roundrect (at -0.9375 0) (size 0.975 1.4) (layers F.Cu F.Paste F.Mask) (roundrect_rratio 0.25)
      (net 15 VUSB3V3))
    (pad 2 smd roundrect (at 0.9375 0) (size 0.975 1.4) (layers F.Cu F.Paste F.Mask) (roundrect_rratio 0.25)
      (net 1 "Net-(C5-Pad1)"))
    (model ${KISYS3DMOD}/Resistor_SMD.3dshapes/R_0805_2012Metric.wrl
      (at (xyz 0 0 0))
      (scale (xyz 1 1 1))
      (rotate (xyz 0 0 0))
    )
  )

  (module Resistor_SMD:R_0805_2012Metric (layer F.Cu) (tedit 5B36C52B) (tstamp 5E95C474)
    (at 127.938 80.5)
    (descr "Resistor SMD 0805 (2012 Metric), square (rectangular) end terminal, IPC_7351 nominal, (Body size source: https://docs.google.com/spreadsheets/d/1BsfQQcO9C6DZCsRaXUlFlo91Tg2WpOkGARC1WS5S8t0/edit?usp=sharing), generated with kicad-footprint-generator")
    (tags resistor)
    (path /5E9997D9)
    (attr smd)
    (fp_text reference R2 (at 0 -1.65) (layer F.SilkS)
      (effects (font (size 1 1) (thickness 0.15)))
    )
    (fp_text value 1k (at 0 1.65) (layer F.Fab)
      (effects (font (size 1 1) (thickness 0.15)))
    )
    (fp_text user %R (at 0 0) (layer F.Fab)
      (effects (font (size 0.5 0.5) (thickness 0.08)))
    )
    (fp_line (start 1.68 0.95) (end -1.68 0.95) (layer F.CrtYd) (width 0.05))
    (fp_line (start 1.68 -0.95) (end 1.68 0.95) (layer F.CrtYd) (width 0.05))
    (fp_line (start -1.68 -0.95) (end 1.68 -0.95) (layer F.CrtYd) (width 0.05))
    (fp_line (start -1.68 0.95) (end -1.68 -0.95) (layer F.CrtYd) (width 0.05))
    (fp_line (start -0.258578 0.71) (end 0.258578 0.71) (layer F.SilkS) (width 0.12))
    (fp_line (start -0.258578 -0.71) (end 0.258578 -0.71) (layer F.SilkS) (width 0.12))
    (fp_line (start 1 0.6) (end -1 0.6) (layer F.Fab) (width 0.1))
    (fp_line (start 1 -0.6) (end 1 0.6) (layer F.Fab) (width 0.1))
    (fp_line (start -1 -0.6) (end 1 -0.6) (layer F.Fab) (width 0.1))
    (fp_line (start -1 0.6) (end -1 -0.6) (layer F.Fab) (width 0.1))
    (pad 2 smd roundrect (at 0.9375 0) (size 0.975 1.4) (layers F.Cu F.Paste F.Mask) (roundrect_rratio 0.25)
      (net 1 "Net-(C5-Pad1)"))
    (pad 1 smd roundrect (at -0.9375 0) (size 0.975 1.4) (layers F.Cu F.Paste F.Mask) (roundrect_rratio 0.25)
      (net 5 MCLR#))
    (model ${KISYS3DMOD}/Resistor_SMD.3dshapes/R_0805_2012Metric.wrl
      (at (xyz 0 0 0))
      (scale (xyz 1 1 1))
      (rotate (xyz 0 0 0))
    )
  )

  (module Resistor_SMD:R_0805_2012Metric (layer F.Cu) (tedit 5B36C52B) (tstamp 5E95C485)
    (at 128 77 180)
    (descr "Resistor SMD 0805 (2012 Metric), square (rectangular) end terminal, IPC_7351 nominal, (Body size source: https://docs.google.com/spreadsheets/d/1BsfQQcO9C6DZCsRaXUlFlo91Tg2WpOkGARC1WS5S8t0/edit?usp=sharing), generated with kicad-footprint-generator")
    (tags resistor)
    (path /5E9B0A21)
    (attr smd)
    (fp_text reference R3 (at 0 -1.65 180) (layer F.SilkS)
      (effects (font (size 1 1) (thickness 0.15)))
    )
    (fp_text value 120 (at 0 1.65 180) (layer F.Fab)
      (effects (font (size 1 1) (thickness 0.15)))
    )
    (fp_text user %R (at 0 0 180) (layer F.Fab)
      (effects (font (size 0.5 0.5) (thickness 0.08)))
    )
    (fp_line (start 1.68 0.95) (end -1.68 0.95) (layer F.CrtYd) (width 0.05))
    (fp_line (start 1.68 -0.95) (end 1.68 0.95) (layer F.CrtYd) (width 0.05))
    (fp_line (start -1.68 -0.95) (end 1.68 -0.95) (layer F.CrtYd) (width 0.05))
    (fp_line (start -1.68 0.95) (end -1.68 -0.95) (layer F.CrtYd) (width 0.05))
    (fp_line (start -0.258578 0.71) (end 0.258578 0.71) (layer F.SilkS) (width 0.12))
    (fp_line (start -0.258578 -0.71) (end 0.258578 -0.71) (layer F.SilkS) (width 0.12))
    (fp_line (start 1 0.6) (end -1 0.6) (layer F.Fab) (width 0.1))
    (fp_line (start 1 -0.6) (end 1 0.6) (layer F.Fab) (width 0.1))
    (fp_line (start -1 -0.6) (end 1 -0.6) (layer F.Fab) (width 0.1))
    (fp_line (start -1 0.6) (end -1 -0.6) (layer F.Fab) (width 0.1))
    (pad 2 smd roundrect (at 0.9375 0 180) (size 0.975 1.4) (layers F.Cu F.Paste F.Mask) (roundrect_rratio 0.25)
      (net 6 "Net-(LED3-Pad1)"))
    (pad 1 smd roundrect (at -0.9375 0 180) (size 0.975 1.4) (layers F.Cu F.Paste F.Mask) (roundrect_rratio 0.25)
      (net 2 Earth))
    (model ${KISYS3DMOD}/Resistor_SMD.3dshapes/R_0805_2012Metric.wrl
      (at (xyz 0 0 0))
      (scale (xyz 1 1 1))
      (rotate (xyz 0 0 0))
    )
  )

  (module Resistor_SMD:R_0805_2012Metric (layer F.Cu) (tedit 5B36C52B) (tstamp 5E95C496)
    (at 95.5 73.5 180)
    (descr "Resistor SMD 0805 (2012 Metric), square (rectangular) end terminal, IPC_7351 nominal, (Body size source: https://docs.google.com/spreadsheets/d/1BsfQQcO9C6DZCsRaXUlFlo91Tg2WpOkGARC1WS5S8t0/edit?usp=sharing), generated with kicad-footprint-generator")
    (tags resistor)
    (path /5E9AA262)
    (attr smd)
    (fp_text reference R4 (at 0 -1.65) (layer F.SilkS)
      (effects (font (size 1 1) (thickness 0.15)))
    )
    (fp_text value 120 (at 0 1.65) (layer F.Fab)
      (effects (font (size 1 1) (thickness 0.15)))
    )
    (fp_line (start -1 0.6) (end -1 -0.6) (layer F.Fab) (width 0.1))
    (fp_line (start -1 -0.6) (end 1 -0.6) (layer F.Fab) (width 0.1))
    (fp_line (start 1 -0.6) (end 1 0.6) (layer F.Fab) (width 0.1))
    (fp_line (start 1 0.6) (end -1 0.6) (layer F.Fab) (width 0.1))
    (fp_line (start -0.258578 -0.71) (end 0.258578 -0.71) (layer F.SilkS) (width 0.12))
    (fp_line (start -0.258578 0.71) (end 0.258578 0.71) (layer F.SilkS) (width 0.12))
    (fp_line (start -1.68 0.95) (end -1.68 -0.95) (layer F.CrtYd) (width 0.05))
    (fp_line (start -1.68 -0.95) (end 1.68 -0.95) (layer F.CrtYd) (width 0.05))
    (fp_line (start 1.68 -0.95) (end 1.68 0.95) (layer F.CrtYd) (width 0.05))
    (fp_line (start 1.68 0.95) (end -1.68 0.95) (layer F.CrtYd) (width 0.05))
    (fp_text user %R (at 0 0) (layer F.Fab)
      (effects (font (size 0.5 0.5) (thickness 0.08)))
    )
    (pad 1 smd roundrect (at -0.9375 0 180) (size 0.975 1.4) (layers F.Cu F.Paste F.Mask) (roundrect_rratio 0.25)
      (net 2 Earth))
    (pad 2 smd roundrect (at 0.9375 0 180) (size 0.975 1.4) (layers F.Cu F.Paste F.Mask) (roundrect_rratio 0.25)
      (net 4 "Net-(LED2-Pad1)"))
    (model ${KISYS3DMOD}/Resistor_SMD.3dshapes/R_0805_2012Metric.wrl
      (at (xyz 0 0 0))
      (scale (xyz 1 1 1))
      (rotate (xyz 0 0 0))
    )
  )

  (module PIC32MM0064GPM048-I_PT:QFP50P900X900X120-49N (layer F.Cu) (tedit 5E947F6C) (tstamp 5E961BA8)
    (at 114 76 180)
    (descr PIC32MM0064GPM048-I/PT)
    (tags "Integrated Circuit")
    (path /5E9750CF)
    (attr smd)
    (fp_text reference IC1 (at -0.5 0 180) (layer F.SilkS)
      (effects (font (size 1.27 1.27) (thickness 0.254)))
    )
    (fp_text value PIC32MM0064GPM048-I_PT (at 0 0) (layer F.SilkS) hide
      (effects (font (size 1.27 1.27) (thickness 0.254)))
    )
    (fp_line (start -5.225 -5.225) (end 5.225 -5.225) (layer Dwgs.User) (width 0.05))
    (fp_line (start 5.225 -5.225) (end 5.225 5.225) (layer Dwgs.User) (width 0.05))
    (fp_line (start 5.225 5.225) (end -5.225 5.225) (layer Dwgs.User) (width 0.05))
    (fp_line (start -5.225 5.225) (end -5.225 -5.225) (layer Dwgs.User) (width 0.05))
    (fp_line (start -3.5 -3.5) (end 3.5 -3.5) (layer Dwgs.User) (width 0.1))
    (fp_line (start 3.5 -3.5) (end 3.5 3.5) (layer Dwgs.User) (width 0.1))
    (fp_line (start 3.5 3.5) (end -3.5 3.5) (layer Dwgs.User) (width 0.1))
    (fp_line (start -3.5 3.5) (end -3.5 -3.5) (layer Dwgs.User) (width 0.1))
    (fp_line (start -3.5 -3) (end -3 -3.5) (layer Dwgs.User) (width 0.1))
    (fp_circle (center -4.725 -3.5) (end -4.85 -3.5) (layer F.SilkS) (width 0.254))
    (pad 1 smd rect (at -4.238 -2.75 270) (size 0.3 1.475) (layers F.Cu F.Paste F.Mask)
      (net 7 TMS))
    (pad 2 smd rect (at -4.238 -2.25 270) (size 0.3 1.475) (layers F.Cu F.Paste F.Mask)
      (net 8 PIN_2))
    (pad 3 smd rect (at -4.238 -1.75 270) (size 0.3 1.475) (layers F.Cu F.Paste F.Mask)
      (net 9 PIN_3))
    (pad 4 smd rect (at -4.238 -1.25 270) (size 0.3 1.475) (layers F.Cu F.Paste F.Mask)
      (net 10 PIN_4))
    (pad 5 smd rect (at -4.238 -0.75 270) (size 0.3 1.475) (layers F.Cu F.Paste F.Mask)
      (net 11 PGEC3))
    (pad 6 smd rect (at -4.238 -0.25 270) (size 0.3 1.475) (layers F.Cu F.Paste F.Mask)
      (net 2 Earth))
    (pad 7 smd rect (at -4.238 0.25 270) (size 0.3 1.475) (layers F.Cu F.Paste F.Mask)
      (net 3 VCAP))
    (pad 8 smd rect (at -4.238 0.75 270) (size 0.3 1.475) (layers F.Cu F.Paste F.Mask)
      (net 12 PIN_8))
    (pad 9 smd rect (at -4.238 1.25 270) (size 0.3 1.475) (layers F.Cu F.Paste F.Mask)
      (net 13 RB10))
    (pad 10 smd rect (at -4.238 1.75 270) (size 0.3 1.475) (layers F.Cu F.Paste F.Mask)
      (net 14 RB11))
    (pad 11 smd rect (at -4.238 2.25 270) (size 0.3 1.475) (layers F.Cu F.Paste F.Mask)
      (net 15 VUSB3V3))
    (pad 12 smd rect (at -4.238 2.75 270) (size 0.3 1.475) (layers F.Cu F.Paste F.Mask)
      (net 16 RB13))
    (pad 13 smd rect (at -2.75 4.238 180) (size 0.3 1.475) (layers F.Cu F.Paste F.Mask)
      (net 17 PD1))
    (pad 14 smd rect (at -2.25 4.238 180) (size 0.3 1.475) (layers F.Cu F.Paste F.Mask)
      (net 18 PD2))
    (pad 15 smd rect (at -1.75 4.238 180) (size 0.3 1.475) (layers F.Cu F.Paste F.Mask)
      (net 19 PD3))
    (pad 16 smd rect (at -1.25 4.238 180) (size 0.3 1.475) (layers F.Cu F.Paste F.Mask)
      (net 20 PD4))
    (pad 17 smd rect (at -0.75 4.238 180) (size 0.3 1.475) (layers F.Cu F.Paste F.Mask)
      (net 2 Earth))
    (pad 18 smd rect (at -0.25 4.238 180) (size 0.3 1.475) (layers F.Cu F.Paste F.Mask)
      (net 15 VUSB3V3))
    (pad 19 smd rect (at 0.25 4.238 180) (size 0.3 1.475) (layers F.Cu F.Paste F.Mask)
      (net 5 MCLR#))
    (pad 20 smd rect (at 0.75 4.238 180) (size 0.3 1.475) (layers F.Cu F.Paste F.Mask)
      (net 21 RA6))
    (pad 21 smd rect (at 1.25 4.238 180) (size 0.3 1.475) (layers F.Cu F.Paste F.Mask)
      (net 22 PGEC2))
    (pad 22 smd rect (at 1.75 4.238 180) (size 0.3 1.475) (layers F.Cu F.Paste F.Mask)
      (net 23 PGED2))
    (pad 23 smd rect (at 2.25 4.238 180) (size 0.3 1.475) (layers F.Cu F.Paste F.Mask)
      (net 24 PGED1))
    (pad 24 smd rect (at 2.75 4.238 180) (size 0.3 1.475) (layers F.Cu F.Paste F.Mask)
      (net 25 PGEC1))
    (pad 25 smd rect (at 4.238 2.75 270) (size 0.3 1.475) (layers F.Cu F.Paste F.Mask)
      (net 26 RB2))
    (pad 26 smd rect (at 4.238 2.25 270) (size 0.3 1.475) (layers F.Cu F.Paste F.Mask)
      (net 27 RB3))
    (pad 27 smd rect (at 4.238 1.75 270) (size 0.3 1.475) (layers F.Cu F.Paste F.Mask)
      (net 28 RC0))
    (pad 28 smd rect (at 4.238 1.25 270) (size 0.3 1.475) (layers F.Cu F.Paste F.Mask)
      (net 29 RC1))
    (pad 29 smd rect (at 4.238 0.75 270) (size 0.3 1.475) (layers F.Cu F.Paste F.Mask)
      (net 30 RC2))
    (pad 30 smd rect (at 4.238 0.25 270) (size 0.3 1.475) (layers F.Cu F.Paste F.Mask)
      (net 15 VUSB3V3))
    (pad 31 smd rect (at 4.238 -0.25 270) (size 0.3 1.475) (layers F.Cu F.Paste F.Mask)
      (net 2 Earth))
    (pad 32 smd rect (at 4.238 -0.75 270) (size 0.3 1.475) (layers F.Cu F.Paste F.Mask)
      (net 31 RA2))
    (pad 33 smd rect (at 4.238 -1.25 270) (size 0.3 1.475) (layers F.Cu F.Paste F.Mask)
      (net 32 RA3))
    (pad 34 smd rect (at 4.238 -1.75 270) (size 0.3 1.475) (layers F.Cu F.Paste F.Mask)
      (net 33 RA8))
    (pad 35 smd rect (at 4.238 -2.25 270) (size 0.3 1.475) (layers F.Cu F.Paste F.Mask)
      (net 34 RB4))
    (pad 36 smd rect (at 4.238 -2.75 270) (size 0.3 1.475) (layers F.Cu F.Paste F.Mask)
      (net 35 RA4))
    (pad 37 smd rect (at 2.75 -4.238 180) (size 0.3 1.475) (layers F.Cu F.Paste F.Mask)
      (net 36 RA9))
    (pad 38 smd rect (at 2.25 -4.238 180) (size 0.3 1.475) (layers F.Cu F.Paste F.Mask)
      (net 37 RD0))
    (pad 39 smd rect (at 1.75 -4.238 180) (size 0.3 1.475) (layers F.Cu F.Paste F.Mask)
      (net 38 RC3))
    (pad 40 smd rect (at 1.25 -4.238 180) (size 0.3 1.475) (layers F.Cu F.Paste F.Mask)
      (net 39 RC4))
    (pad 41 smd rect (at 0.75 -4.238 180) (size 0.3 1.475) (layers F.Cu F.Paste F.Mask)
      (net 40 RC5))
    (pad 42 smd rect (at 0.25 -4.238 180) (size 0.3 1.475) (layers F.Cu F.Paste F.Mask)
      (net 2 Earth))
    (pad 43 smd rect (at -0.25 -4.238 180) (size 0.3 1.475) (layers F.Cu F.Paste F.Mask)
      (net 15 VUSB3V3))
    (pad 44 smd rect (at -0.75 -4.238 180) (size 0.3 1.475) (layers F.Cu F.Paste F.Mask)
      (net 41 RC12))
    (pad 45 smd rect (at -1.25 -4.238 180) (size 0.3 1.475) (layers F.Cu F.Paste F.Mask)
      (net 42 PGED3))
    (pad 46 smd rect (at -1.75 -4.238 180) (size 0.3 1.475) (layers F.Cu F.Paste F.Mask)
      (net 45 VBUS1))
    (pad 47 smd rect (at -2.25 -4.238 180) (size 0.3 1.475) (layers F.Cu F.Paste F.Mask)
      (net 43 RB7))
    (pad 48 smd rect (at -2.75 -4.238 180) (size 0.3 1.475) (layers F.Cu F.Paste F.Mask)
      (net 44 RB8))
    (pad 49 smd rect (at 0 0 180) (size 3.5 3.5) (layers F.Cu F.Paste F.Mask))
  )

  (module 1825910-6:SW_1825910-6-4 (layer F.Cu) (tedit 5E94CB45) (tstamp 5E961BBF)
    (at 127.5 103 180)
    (path /5E96D907)
    (fp_text reference MCLR1 (at -2.3627 -3.844398) (layer F.SilkS)
      (effects (font (size 0.630643 0.630643) (thickness 0.015)))
    )
    (fp_text value SWL1 (at 1.150079 3.960282) (layer F.Fab)
      (effects (font (size 0.629966 0.629966) (thickness 0.015)))
    )
    (fp_line (start -2.995 -2.995) (end -2.995 2.995) (layer F.Fab) (width 0.127))
    (fp_line (start -2.995 2.995) (end 2.995 2.995) (layer F.Fab) (width 0.127))
    (fp_line (start 2.995 2.995) (end 2.995 -2.995) (layer F.Fab) (width 0.127))
    (fp_line (start 2.995 -2.995) (end -2.995 -2.995) (layer F.Fab) (width 0.127))
    (fp_line (start -2.2 -2.995) (end 2.3 -2.995) (layer F.SilkS) (width 0.127))
    (fp_line (start 3 -1.15) (end 3 1.15) (layer F.SilkS) (width 0.127))
    (fp_line (start 2.3 2.995) (end -2.3 2.995) (layer F.SilkS) (width 0.127))
    (fp_line (start -2.995 -1.15) (end -2.995 1.15) (layer F.SilkS) (width 0.127))
    (fp_line (start -4.25 -3.25) (end -4.25 3.25) (layer F.CrtYd) (width 0.05))
    (fp_line (start -4.25 3.25) (end 4.25 3.25) (layer F.CrtYd) (width 0.05))
    (fp_line (start 4.25 3.25) (end 4.25 -3.25) (layer F.CrtYd) (width 0.05))
    (fp_line (start 4.25 -3.25) (end -4.25 -3.25) (layer F.CrtYd) (width 0.05))
    (fp_circle (center 0 0) (end 1.755 0) (layer F.SilkS) (width 0.127))
    (fp_circle (center 0 0) (end 1.755 0) (layer F.Fab) (width 0.127))
    (fp_circle (center -4.445 -2.25) (end -4.345 -2.25) (layer F.SilkS) (width 0.2))
    (pad 3 thru_hole circle (at -3.25 2.25 180) (size 1.498 1.498) (drill 0.99) (layers *.Cu *.Mask)
      (net 1 "Net-(C5-Pad1)"))
    (pad 1 thru_hole rect (at -3.25 -2.25 180) (size 1.498 1.498) (drill 0.99) (layers *.Cu *.Mask)
      (net 2 Earth))
    (pad 4 thru_hole circle (at 3.25 2.25 180) (size 1.498 1.498) (drill 0.99) (layers *.Cu *.Mask)
      (net 1 "Net-(C5-Pad1)"))
    (pad 2 thru_hole circle (at 3.25 -2.25 180) (size 1.498 1.498) (drill 0.99) (layers *.Cu *.Mask)
      (net 2 Earth))
  )

  (module Capacitor_SMD:C_0805_2012Metric (layer F.Cu) (tedit 5B36C52B) (tstamp 5E98234F)
    (at 96.5625 67.5 180)
    (descr "Capacitor SMD 0805 (2012 Metric), square (rectangular) end terminal, IPC_7351 nominal, (Body size source: https://docs.google.com/spreadsheets/d/1BsfQQcO9C6DZCsRaXUlFlo91Tg2WpOkGARC1WS5S8t0/edit?usp=sharing), generated with kicad-footprint-generator")
    (tags capacitor)
    (path /5EA2D4A2)
    (attr smd)
    (fp_text reference C10 (at 0 -1.65) (layer F.SilkS)
      (effects (font (size 1 1) (thickness 0.15)))
    )
    (fp_text value 100nF (at 0 1.65) (layer B.Fab)
      (effects (font (size 1 1) (thickness 0.15)) (justify mirror))
    )
    (fp_line (start -1 0.6) (end -1 -0.6) (layer F.Fab) (width 0.1))
    (fp_line (start -1 -0.6) (end 1 -0.6) (layer F.Fab) (width 0.1))
    (fp_line (start 1 -0.6) (end 1 0.6) (layer F.Fab) (width 0.1))
    (fp_line (start 1 0.6) (end -1 0.6) (layer F.Fab) (width 0.1))
    (fp_line (start -0.258578 -0.71) (end 0.258578 -0.71) (layer F.SilkS) (width 0.12))
    (fp_line (start -0.258578 0.71) (end 0.258578 0.71) (layer F.SilkS) (width 0.12))
    (fp_line (start -1.68 0.95) (end -1.68 -0.95) (layer F.CrtYd) (width 0.05))
    (fp_line (start -1.68 -0.95) (end 1.68 -0.95) (layer F.CrtYd) (width 0.05))
    (fp_line (start 1.68 -0.95) (end 1.68 0.95) (layer F.CrtYd) (width 0.05))
    (fp_line (start 1.68 0.95) (end -1.68 0.95) (layer F.CrtYd) (width 0.05))
    (fp_text user %R (at 0 0) (layer F.Fab)
      (effects (font (size 0.5 0.5) (thickness 0.08)))
    )
    (pad 1 smd roundrect (at -0.9375 0 180) (size 0.975 1.4) (layers F.Cu F.Paste F.Mask) (roundrect_rratio 0.25)
      (net 15 VUSB3V3))
    (pad 2 smd roundrect (at 0.9375 0 180) (size 0.975 1.4) (layers F.Cu F.Paste F.Mask) (roundrect_rratio 0.25)
      (net 2 Earth))
    (model ${KISYS3DMOD}/Capacitor_SMD.3dshapes/C_0805_2012Metric.wrl
      (at (xyz 0 0 0))
      (scale (xyz 1 1 1))
      (rotate (xyz 0 0 0))
    )
  )

  (module pin_header:TE_826951-6 (layer F.Cu) (tedit 5E977ABD) (tstamp 5E98236A)
    (at 127.5 55.5 270)
    (path /5EA89174)
    (fp_text reference J5 (at 0 -3 90) (layer F.SilkS)
      (effects (font (size 1 1) (thickness 0.015)))
    )
    (fp_text value ICSP (at 4.715 2.54 90) (layer F.Fab)
      (effects (font (size 1 1) (thickness 0.015)))
    )
    (fp_line (start -1.27 -1.3) (end -1.27 -4.1) (layer F.Fab) (width 0.127))
    (fp_line (start -1.27 -4.1) (end 13.97 -4.1) (layer F.Fab) (width 0.127))
    (fp_line (start 13.97 -4.1) (end 13.97 -1.3) (layer F.Fab) (width 0.127))
    (fp_line (start 13.97 -1.3) (end -1.27 -1.3) (layer F.Fab) (width 0.127))
    (fp_line (start -1.27 -1.3) (end -1.27 -12.1) (layer F.Fab) (width 0.127))
    (fp_line (start -1.27 -12.1) (end 13.97 -12.1) (layer F.Fab) (width 0.127))
    (fp_line (start 13.97 -12.1) (end 13.97 -1.3) (layer F.Fab) (width 0.127))
    (fp_line (start -1.27 -1.3) (end -1.27 -4.1) (layer F.SilkS) (width 0.127))
    (fp_line (start 13.97 -4.1) (end 13.97 -1.3) (layer F.SilkS) (width 0.127))
    (fp_line (start 13.97 -4.1) (end -1.27 -4.1) (layer F.SilkS) (width 0.127))
    (fp_line (start 13.97 -1.3) (end -1.27 -1.3) (layer F.SilkS) (width 0.127))
    (fp_line (start -1.52 0.925) (end -1.52 -12.35) (layer F.CrtYd) (width 0.05))
    (fp_line (start -1.52 -12.35) (end 14.22 -12.35) (layer F.CrtYd) (width 0.05))
    (fp_line (start 14.22 -12.35) (end 14.22 0.925) (layer F.CrtYd) (width 0.05))
    (fp_line (start 14.22 0.925) (end -1.52 0.925) (layer F.CrtYd) (width 0.05))
    (fp_circle (center -1.92 0) (end -1.82 0) (layer F.SilkS) (width 0.2))
    (fp_circle (center -1.92 0) (end -1.82 0) (layer F.Fab) (width 0.2))
    (pad 1 thru_hole rect (at 0 0 270) (size 1.35 1.35) (drill 1) (layers *.Cu *.Mask)
      (net 46 "Net-(J5-Pad1)"))
    (pad 2 thru_hole circle (at 2.54 0 270) (size 1.35 1.35) (drill 1) (layers *.Cu *.Mask)
      (net 25 PGEC1))
    (pad 3 thru_hole circle (at 5.08 0 270) (size 1.35 1.35) (drill 1) (layers *.Cu *.Mask)
      (net 24 PGED1))
    (pad 4 thru_hole circle (at 7.62 0 270) (size 1.35 1.35) (drill 1) (layers *.Cu *.Mask)
      (net 2 Earth))
    (pad 5 thru_hole circle (at 10.16 0 270) (size 1.35 1.35) (drill 1) (layers *.Cu *.Mask)
      (net 15 VUSB3V3))
    (pad 6 thru_hole circle (at 12.7 0 270) (size 1.35 1.35) (drill 1) (layers *.Cu *.Mask)
      (net 5 MCLR#))
  )

  (module Capacitor_SMD:C_0805_2012Metric (layer F.Cu) (tedit 5B36C52B) (tstamp 5E9B3E84)
    (at 101 62.5625 90)
    (descr "Capacitor SMD 0805 (2012 Metric), square (rectangular) end terminal, IPC_7351 nominal, (Body size source: https://docs.google.com/spreadsheets/d/1BsfQQcO9C6DZCsRaXUlFlo91Tg2WpOkGARC1WS5S8t0/edit?usp=sharing), generated with kicad-footprint-generator")
    (tags capacitor)
    (path /5E950E09)
    (attr smd)
    (fp_text reference C1 (at 0 -1.65 90) (layer F.SilkS)
      (effects (font (size 1 1) (thickness 0.15)))
    )
    (fp_text value 100nF (at 0 1.65 90) (layer F.Fab)
      (effects (font (size 1 1) (thickness 0.15)))
    )
    (fp_text user %R (at 0 0) (layer F.Fab)
      (effects (font (size 0.5 0.5) (thickness 0.08)))
    )
    (fp_line (start 1.68 0.95) (end -1.68 0.95) (layer F.CrtYd) (width 0.05))
    (fp_line (start 1.68 -0.95) (end 1.68 0.95) (layer F.CrtYd) (width 0.05))
    (fp_line (start -1.68 -0.95) (end 1.68 -0.95) (layer F.CrtYd) (width 0.05))
    (fp_line (start -1.68 0.95) (end -1.68 -0.95) (layer F.CrtYd) (width 0.05))
    (fp_line (start -0.258578 0.71) (end 0.258578 0.71) (layer F.SilkS) (width 0.12))
    (fp_line (start -0.258578 -0.71) (end 0.258578 -0.71) (layer F.SilkS) (width 0.12))
    (fp_line (start 1 0.6) (end -1 0.6) (layer F.Fab) (width 0.1))
    (fp_line (start 1 -0.6) (end 1 0.6) (layer F.Fab) (width 0.1))
    (fp_line (start -1 -0.6) (end 1 -0.6) (layer F.Fab) (width 0.1))
    (fp_line (start -1 0.6) (end -1 -0.6) (layer F.Fab) (width 0.1))
    (pad 2 smd roundrect (at 0.9375 0 90) (size 0.975 1.4) (layers F.Cu F.Paste F.Mask) (roundrect_rratio 0.25)
      (net 2 Earth))
    (pad 1 smd roundrect (at -0.9375 0 90) (size 0.975 1.4) (layers F.Cu F.Paste F.Mask) (roundrect_rratio 0.25)
      (net 47 Vin))
    (model ${KISYS3DMOD}/Capacitor_SMD.3dshapes/C_0805_2012Metric.wrl
      (at (xyz 0 0 0))
      (scale (xyz 1 1 1))
      (rotate (xyz 0 0 0))
    )
  )

  (module Capacitor_SMD:C_0805_2012Metric (layer F.Cu) (tedit 5B36C52B) (tstamp 5E9B3EA8)
    (at 101.438 67)
    (descr "Capacitor SMD 0805 (2012 Metric), square (rectangular) end terminal, IPC_7351 nominal, (Body size source: https://docs.google.com/spreadsheets/d/1BsfQQcO9C6DZCsRaXUlFlo91Tg2WpOkGARC1WS5S8t0/edit?usp=sharing), generated with kicad-footprint-generator")
    (tags capacitor)
    (path /5E9589C8)
    (attr smd)
    (fp_text reference C3 (at 0 -1.65) (layer F.SilkS)
      (effects (font (size 1 1) (thickness 0.15)))
    )
    (fp_text value 100nF (at 0 1.65) (layer F.Fab)
      (effects (font (size 1 1) (thickness 0.15)))
    )
    (fp_line (start -1 0.6) (end -1 -0.6) (layer F.Fab) (width 0.1))
    (fp_line (start -1 -0.6) (end 1 -0.6) (layer F.Fab) (width 0.1))
    (fp_line (start 1 -0.6) (end 1 0.6) (layer F.Fab) (width 0.1))
    (fp_line (start 1 0.6) (end -1 0.6) (layer F.Fab) (width 0.1))
    (fp_line (start -0.258578 -0.71) (end 0.258578 -0.71) (layer F.SilkS) (width 0.12))
    (fp_line (start -0.258578 0.71) (end 0.258578 0.71) (layer F.SilkS) (width 0.12))
    (fp_line (start -1.68 0.95) (end -1.68 -0.95) (layer F.CrtYd) (width 0.05))
    (fp_line (start -1.68 -0.95) (end 1.68 -0.95) (layer F.CrtYd) (width 0.05))
    (fp_line (start 1.68 -0.95) (end 1.68 0.95) (layer F.CrtYd) (width 0.05))
    (fp_line (start 1.68 0.95) (end -1.68 0.95) (layer F.CrtYd) (width 0.05))
    (fp_text user %R (at -0.0625 0) (layer F.Fab)
      (effects (font (size 0.5 0.5) (thickness 0.08)))
    )
    (pad 1 smd roundrect (at -0.9375 0) (size 0.975 1.4) (layers F.Cu F.Paste F.Mask) (roundrect_rratio 0.25)
      (net 47 Vin))
    (pad 2 smd roundrect (at 0.9375 0) (size 0.975 1.4) (layers F.Cu F.Paste F.Mask) (roundrect_rratio 0.25)
      (net 2 Earth))
    (model ${KISYS3DMOD}/Capacitor_SMD.3dshapes/C_0805_2012Metric.wrl
      (at (xyz 0 0 0))
      (scale (xyz 1 1 1))
      (rotate (xyz 0 0 0))
    )
  )

  (module Capacitor_SMD:C_0805_2012Metric (layer F.Cu) (tedit 5B36C52B) (tstamp 5E9B3ECC)
    (at 135 93.5)
    (descr "Capacitor SMD 0805 (2012 Metric), square (rectangular) end terminal, IPC_7351 nominal, (Body size source: https://docs.google.com/spreadsheets/d/1BsfQQcO9C6DZCsRaXUlFlo91Tg2WpOkGARC1WS5S8t0/edit?usp=sharing), generated with kicad-footprint-generator")
    (tags capacitor)
    (path /5EA3E605)
    (attr smd)
    (fp_text reference C11 (at 0 -1.65) (layer F.SilkS)
      (effects (font (size 1 1) (thickness 0.15)))
    )
    (fp_text value 100nF (at 0 1.65) (layer F.Fab)
      (effects (font (size 1 1) (thickness 0.15)))
    )
    (fp_line (start -1 0.6) (end -1 -0.6) (layer F.Fab) (width 0.1))
    (fp_line (start -1 -0.6) (end 1 -0.6) (layer F.Fab) (width 0.1))
    (fp_line (start 1 -0.6) (end 1 0.6) (layer F.Fab) (width 0.1))
    (fp_line (start 1 0.6) (end -1 0.6) (layer F.Fab) (width 0.1))
    (fp_line (start -0.258578 -0.71) (end 0.258578 -0.71) (layer F.SilkS) (width 0.12))
    (fp_line (start -0.258578 0.71) (end 0.258578 0.71) (layer F.SilkS) (width 0.12))
    (fp_line (start -1.68 0.95) (end -1.68 -0.95) (layer F.CrtYd) (width 0.05))
    (fp_line (start -1.68 -0.95) (end 1.68 -0.95) (layer F.CrtYd) (width 0.05))
    (fp_line (start 1.68 -0.95) (end 1.68 0.95) (layer F.CrtYd) (width 0.05))
    (fp_line (start 1.68 0.95) (end -1.68 0.95) (layer F.CrtYd) (width 0.05))
    (fp_text user %R (at 0 0) (layer F.Fab)
      (effects (font (size 0.5 0.5) (thickness 0.08)))
    )
    (pad 1 smd roundrect (at -0.9375 0) (size 0.975 1.4) (layers F.Cu F.Paste F.Mask) (roundrect_rratio 0.25)
      (net 2 Earth))
    (pad 2 smd roundrect (at 0.9375 0) (size 0.975 1.4) (layers F.Cu F.Paste F.Mask) (roundrect_rratio 0.25)
      (net 49 "Net-(C11-Pad2)"))
    (model ${KISYS3DMOD}/Capacitor_SMD.3dshapes/C_0805_2012Metric.wrl
      (at (xyz 0 0 0))
      (scale (xyz 1 1 1))
      (rotate (xyz 0 0 0))
    )
  )

