(kicad_pcb (version 20171130) (host pcbnew "(5.1.5)-3")

  (general
    (thickness 1.6)
    (drawings 13)
    (tracks 119)
    (zones 0)
    (modules 17)
    (nets 12)
  )

  (page A4)
  (title_block
    (title Sub_circuito_perifericos)
  )

  (layers
    (0 F.Cu signal)
    (31 B.Cu signal)
    (32 B.Adhes user)
    (33 F.Adhes user)
    (34 B.Paste user)
    (35 F.Paste user)
    (36 B.SilkS user)
    (37 F.SilkS user)
    (38 B.Mask user)
    (39 F.Mask user)
    (40 Dwgs.User user)
    (41 Cmts.User user)
    (42 Eco1.User user)
    (43 Eco2.User user)
    (44 Edge.Cuts user)
    (45 Margin user)
    (46 B.CrtYd user)
    (47 F.CrtYd user)
    (48 B.Fab user)
    (49 F.Fab user)
  )

  (setup
    (last_trace_width 0.2286)
    (trace_clearance 0.3048)
    (zone_clearance 0.508)
    (zone_45_only no)
    (trace_min 0.2)
    (via_size 0.8)
    (via_drill 0.4)
    (via_min_size 0.4)
    (via_min_drill 0.3)
    (uvia_size 0.3)
    (uvia_drill 0.1)
    (uvias_allowed no)
    (uvia_min_size 0.2)
    (uvia_min_drill 0.1)
    (edge_width 0.05)
    (segment_width 0.2)
    (pcb_text_width 0.3)
    (pcb_text_size 1.5 1.5)
    (mod_edge_width 0.12)
    (mod_text_size 1 1)
    (mod_text_width 0.15)
    (pad_size 1.524 1.524)
    (pad_drill 0.762)
    (pad_to_mask_clearance 0.051)
    (solder_mask_min_width 0.25)
    (aux_axis_origin 0 0)
    (visible_elements FFFFFF7F)
    (pcbplotparams
      (layerselection 0x010fc_ffffffff)
      (usegerberextensions false)
      (usegerberattributes false)
      (usegerberadvancedattributes false)
      (creategerberjobfile false)
      (excludeedgelayer false)
      (linewidth 0.100000)
      (plotframeref true)
      (viasonmask false)
      (mode 1)
      (useauxorigin false)
      (hpglpennumber 1)
      (hpglpenspeed 20)
      (hpglpendiameter 15.000000)
      (psnegative false)
      (psa4output false)
      (plotreference true)
      (plotvalue true)
      (plotinvisibletext false)
      (padsonsilk false)
      (subtractmaskfromsilk false)
      (outputformat 4)
      (mirror false)
      (drillshape 1)
      (scaleselection 1)
      (outputdirectory "./"))
  )

  (net 0 "")
  (net 1 Earth)
  (net 2 +3V3)
  (net 3 +5V)
  (net 4 "Net-(J9-Pad3)")
  (net 5 "Net-(R17-Pad2)")
  (net 6 "Net-(R18-Pad2)")
  (net 7 "Net-(R19-Pad2)")
  (net 8 TECLADO)
  (net 9 "Net-(R21-Pad2)")
  (net 10 "Net-(R22-Pad2)")
  (net 11 SDA)

  (net_class Default "Esta é a classe de rede padrão."
    (clearance 0.3048)
    (trace_width 0.2286)
    (via_dia 0.8)
    (via_drill 0.4)
    (uvia_dia 0.3)
    (uvia_drill 0.1)
    (add_net SDA)
    (add_net TECLADO)
  )

  (net_class power ""
    (clearance 0.3048)
    (trace_width 0.3302)
    (via_dia 0.8)
    (via_drill 0.4)
    (uvia_dia 0.3)
    (uvia_drill 0.1)
    (add_net +3V3)
    (add_net +5V)
    (add_net Earth)
    (add_net "Net-(J9-Pad3)")
    (add_net "Net-(R17-Pad2)")
    (add_net "Net-(R18-Pad2)")
    (add_net "Net-(R19-Pad2)")
    (add_net "Net-(R21-Pad2)")
    (add_net "Net-(R22-Pad2)")
  )

  (module Capacitor_SMD:C_0805_2012Metric (layer F.Cu) (tedit 5EB32B6C) (tstamp 5EB7C65A)
    (at 127 90 90)
    (descr "Capacitor SMD 0805 (2012 Metric), square (rectangular) end terminal, IPC_7351 nominal, (Body size source: https://docs.google.com/spreadsheets/d/1BsfQQcO9C6DZCsRaXUlFlo91Tg2WpOkGARC1WS5S8t0/edit?usp=sharing), generated with kicad-footprint-generator")
    (tags capacitor)
    (path /5F3E9770)
    (attr smd)
    (fp_text reference C21 (at 0 -1.65 90) (layer F.SilkS)
      (effects (font (size 1 1) (thickness 0.15)))
    )
    (fp_text value 100nF (at 0 1.65 90) (layer F.Fab)
      (effects (font (size 1 1) (thickness 0.15)))
    )
    (fp_text user %R (at 0.234999 -0.025001 90) (layer F.Fab)
      (effects (font (size 0.5 0.5) (thickness 0.08)))
    )
    (fp_line (start 1.68 0.95) (end -1.68 0.95) (layer F.CrtYd) (width 0.05))
    (fp_line (start 1.68 -0.95) (end 1.68 0.95) (layer F.CrtYd) (width 0.05))
    (fp_line (start -1.68 -0.95) (end 1.68 -0.95) (layer F.CrtYd) (width 0.05))
    (fp_line (start -1.68 0.95) (end -1.68 -0.95) (layer F.CrtYd) (width 0.05))
    (fp_line (start -0.258578 0.71) (end 0.258578 0.71) (layer F.SilkS) (width 0.12))
    (fp_line (start -0.258578 -0.71) (end 0.258578 -0.71) (layer F.SilkS) (width 0.12))
    (fp_line (start 1 0.6) (end -1 0.6) (layer F.Fab) (width 0.1))
    (fp_line (start 1 -0.6) (end 1 0.6) (layer F.Fab) (width 0.1))
    (fp_line (start -1 -0.6) (end 1 -0.6) (layer F.Fab) (width 0.1))
    (fp_line (start -1 0.6) (end -1 -0.6) (layer F.Fab) (width 0.1))
    (pad 2 smd roundrect (at 0.9375 0 90) (size 0.975 1.4) (layers F.Cu F.Paste F.Mask) (roundrect_rratio 0.25)
      (net 1 Earth))
    (pad 1 smd roundrect (at -0.9375 0 90) (size 0.975 1.4) (layers F.Cu F.Paste F.Mask) (roundrect_rratio 0.25)
      (net 2 +3V3))
    (model ${KISYS3DMOD}/Capacitor_SMD.3dshapes/C_0805_2012Metric.wrl
      (at (xyz 0 0 0))
      (scale (xyz 1 1 1))
      (rotate (xyz 0 0 0))
    )
  )

  (module Capacitor_SMD:C_0805_2012Metric (layer F.Cu) (tedit 5EB32C28) (tstamp 5EB7C66B)
    (at 126 66)
    (descr "Capacitor SMD 0805 (2012 Metric), square (rectangular) end terminal, IPC_7351 nominal, (Body size source: https://docs.google.com/spreadsheets/d/1BsfQQcO9C6DZCsRaXUlFlo91Tg2WpOkGARC1WS5S8t0/edit?usp=sharing), generated with kicad-footprint-generator")
    (tags capacitor)
    (path /5FBAA065)
    (attr smd)
    (fp_text reference C22 (at 0 -1.65) (layer F.SilkS)
      (effects (font (size 1 1) (thickness 0.15)))
    )
    (fp_text value 100nF (at 0 1.65) (layer F.Fab)
      (effects (font (size 1 1) (thickness 0.15)))
    )
    (fp_line (start -1 0.6) (end -1 -0.6) (layer F.Fab) (width 0.1))
    (fp_line (start -1 -0.6) (end 1 -0.6) (layer F.Fab) (width 0.1))
    (fp_line (start 1 -0.6) (end 1 0.6) (layer F.Fab) (width 0.1))
    (fp_line (start 1 0.6) (end -1 0.6) (layer F.Fab) (width 0.1))
    (fp_line (start -0.258578 -0.71) (end 0.258578 -0.71) (layer F.SilkS) (width 0.12))
    (fp_line (start -0.258578 0.71) (end 0.258578 0.71) (layer F.SilkS) (width 0.12))
    (fp_line (start -1.68 0.95) (end -1.68 -0.95) (layer F.CrtYd) (width 0.05))
    (fp_line (start -1.68 -0.95) (end 1.68 -0.95) (layer F.CrtYd) (width 0.05))
    (fp_line (start 1.68 -0.95) (end 1.68 0.95) (layer F.CrtYd) (width 0.05))
    (fp_line (start 1.68 0.95) (end -1.68 0.95) (layer F.CrtYd) (width 0.05))
    (fp_text user %R (at 0 0) (layer F.Fab)
      (effects (font (size 0.5 0.5) (thickness 0.08)))
    )
    (pad 1 smd roundrect (at -0.9375 0) (size 0.975 1.4) (layers F.Cu F.Paste F.Mask) (roundrect_rratio 0.25)
      (net 3 +5V))
    (pad 2 smd roundrect (at 0.9375 0) (size 0.975 1.4) (layers F.Cu F.Paste F.Mask) (roundrect_rratio 0.25)
      (net 1 Earth))
    (model ${KISYS3DMOD}/Capacitor_SMD.3dshapes/C_0805_2012Metric.wrl
      (at (xyz 0 0 0))
      (scale (xyz 1 1 1))
      (rotate (xyz 0 0 0))
    )
  )

  (module Connector_PinHeader_2.54mm:PinHeader_1x16_P2.54mm_Vertical (layer F.Cu) (tedit 59FED5CC) (tstamp 5EB7C68F)
    (at 103 69)
    (descr "Through hole straight pin header, 1x16, 2.54mm pitch, single row")
    (tags "Through hole pin header THT 1x16 2.54mm single row")
    (path /5F4B6E5E)
    (fp_text reference J9 (at 0 -2.33) (layer F.SilkS)
      (effects (font (size 1 1) (thickness 0.15)))
    )
    (fp_text value LDC_header (at 0 40.43) (layer F.Fab)
      (effects (font (size 1 1) (thickness 0.15)))
    )
    (fp_line (start -0.635 -1.27) (end 1.27 -1.27) (layer F.Fab) (width 0.1))
    (fp_line (start 1.27 -1.27) (end 1.27 39.37) (layer F.Fab) (width 0.1))
    (fp_line (start 1.27 39.37) (end -1.27 39.37) (layer F.Fab) (width 0.1))
    (fp_line (start -1.27 39.37) (end -1.27 -0.635) (layer F.Fab) (width 0.1))
    (fp_line (start -1.27 -0.635) (end -0.635 -1.27) (layer F.Fab) (width 0.1))
    (fp_line (start -1.33 39.43) (end 1.33 39.43) (layer F.SilkS) (width 0.12))
    (fp_line (start -1.33 1.27) (end -1.33 39.43) (layer F.SilkS) (width 0.12))
    (fp_line (start 1.33 1.27) (end 1.33 39.43) (layer F.SilkS) (width 0.12))
    (fp_line (start -1.33 1.27) (end 1.33 1.27) (layer F.SilkS) (width 0.12))
    (fp_line (start -1.33 0) (end -1.33 -1.33) (layer F.SilkS) (width 0.12))
    (fp_line (start -1.33 -1.33) (end 0 -1.33) (layer F.SilkS) (width 0.12))
    (fp_line (start -1.8 -1.8) (end -1.8 39.9) (layer F.CrtYd) (width 0.05))
    (fp_line (start -1.8 39.9) (end 1.8 39.9) (layer F.CrtYd) (width 0.05))
    (fp_line (start 1.8 39.9) (end 1.8 -1.8) (layer F.CrtYd) (width 0.05))
    (fp_line (start 1.8 -1.8) (end -1.8 -1.8) (layer F.CrtYd) (width 0.05))
    (fp_text user %R (at 0 19.05 90) (layer F.Fab)
      (effects (font (size 1 1) (thickness 0.15)))
    )
    (pad 1 thru_hole rect (at 0 0) (size 1.7 1.7) (drill 1) (layers *.Cu *.Mask)
      (net 1 Earth))
    (pad 2 thru_hole oval (at 0 2.54) (size 1.7 1.7) (drill 1) (layers *.Cu *.Mask)
      (net 3 +5V))
    (pad 3 thru_hole oval (at 0 5.08) (size 1.7 1.7) (drill 1) (layers *.Cu *.Mask)
      (net 4 "Net-(J9-Pad3)"))
    (pad 4 thru_hole oval (at 0 7.62) (size 1.7 1.7) (drill 1) (layers *.Cu *.Mask))
    (pad 5 thru_hole oval (at 0 10.16) (size 1.7 1.7) (drill 1) (layers *.Cu *.Mask)
      (net 1 Earth))
    (pad 6 thru_hole oval (at 0 12.7) (size 1.7 1.7) (drill 1) (layers *.Cu *.Mask))
    (pad 7 thru_hole oval (at 0 15.24) (size 1.7 1.7) (drill 1) (layers *.Cu *.Mask))
    (pad 8 thru_hole oval (at 0 17.78) (size 1.7 1.7) (drill 1) (layers *.Cu *.Mask))
    (pad 9 thru_hole oval (at 0 20.32) (size 1.7 1.7) (drill 1) (layers *.Cu *.Mask))
    (pad 10 thru_hole oval (at 0 22.86) (size 1.7 1.7) (drill 1) (layers *.Cu *.Mask))
    (pad 11 thru_hole oval (at 0 25.4) (size 1.7 1.7) (drill 1) (layers *.Cu *.Mask)
      (net 1 Earth))
    (pad 12 thru_hole oval (at 0 27.94) (size 1.7 1.7) (drill 1) (layers *.Cu *.Mask)
      (net 1 Earth))
    (pad 13 thru_hole oval (at 0 30.48) (size 1.7 1.7) (drill 1) (layers *.Cu *.Mask)
      (net 1 Earth))
    (pad 14 thru_hole oval (at 0 33.02) (size 1.7 1.7) (drill 1) (layers *.Cu *.Mask)
      (net 1 Earth))
    (pad 15 thru_hole oval (at 0 35.56) (size 1.7 1.7) (drill 1) (layers *.Cu *.Mask)
      (net 1 Earth))
    (pad 16 thru_hole oval (at 0 38.1) (size 1.7 1.7) (drill 1) (layers *.Cu *.Mask)
      (net 1 Earth))
    (model ${KISYS3DMOD}/Connector_PinHeader_2.54mm.3dshapes/PinHeader_1x16_P2.54mm_Vertical.wrl
      (at (xyz 0 0 0))
      (scale (xyz 1 1 1))
      (rotate (xyz 0 0 0))
    )
  )

  (module Resistor_SMD:R_0805_2012Metric (layer F.Cu) (tedit 5EB32AC0) (tstamp 5EB7C6A0)
    (at 114 91 270)
    (descr "Resistor SMD 0805 (2012 Metric), square (rectangular) end terminal, IPC_7351 nominal, (Body size source: https://docs.google.com/spreadsheets/d/1BsfQQcO9C6DZCsRaXUlFlo91Tg2WpOkGARC1WS5S8t0/edit?usp=sharing), generated with kicad-footprint-generator")
    (tags resistor)
    (path /5EF9C45E)
    (attr smd)
    (fp_text reference R17 (at 0 -1.65 270) (layer F.SilkS)
      (effects (font (size 1 1) (thickness 0.15)))
    )
    (fp_text value 8k2 (at 0 1.65 270) (layer F.Fab)
      (effects (font (size 1 1) (thickness 0.15)))
    )
    (fp_line (start -1 0.6) (end -1 -0.6) (layer F.Fab) (width 0.1))
    (fp_line (start -1 -0.6) (end 1 -0.6) (layer F.Fab) (width 0.1))
    (fp_line (start 1 -0.6) (end 1 0.6) (layer F.Fab) (width 0.1))
    (fp_line (start 1 0.6) (end -1 0.6) (layer F.Fab) (width 0.1))
    (fp_line (start -0.258578 -0.71) (end 0.258578 -0.71) (layer F.SilkS) (width 0.12))
    (fp_line (start -0.258578 0.71) (end 0.258578 0.71) (layer F.SilkS) (width 0.12))
    (fp_line (start -1.68 0.95) (end -1.68 -0.95) (layer F.CrtYd) (width 0.05))
    (fp_line (start -1.68 -0.95) (end 1.68 -0.95) (layer F.CrtYd) (width 0.05))
    (fp_line (start 1.68 -0.95) (end 1.68 0.95) (layer F.CrtYd) (width 0.05))
    (fp_line (start 1.68 0.95) (end -1.68 0.95) (layer F.CrtYd) (width 0.05))
    (fp_text user %R (at -0.355001 1.044999 270) (layer F.Fab)
      (effects (font (size 0.5 0.5) (thickness 0.08)))
    )
    (pad 1 smd roundrect (at -0.9375 0 270) (size 0.975 1.4) (layers F.Cu F.Paste F.Mask) (roundrect_rratio 0.25)
      (net 2 +3V3))
    (pad 2 smd roundrect (at 0.9375 0 270) (size 0.975 1.4) (layers F.Cu F.Paste F.Mask) (roundrect_rratio 0.25)
      (net 5 "Net-(R17-Pad2)"))
    (model ${KISYS3DMOD}/Resistor_SMD.3dshapes/R_0805_2012Metric.wrl
      (at (xyz 0 0 0))
      (scale (xyz 1 1 1))
      (rotate (xyz 0 0 0))
    )
  )

  (module Resistor_SMD:R_0805_2012Metric (layer F.Cu) (tedit 5B36C52B) (tstamp 5EB7C6B1)
    (at 114 101 270)
    (descr "Resistor SMD 0805 (2012 Metric), square (rectangular) end terminal, IPC_7351 nominal, (Body size source: https://docs.google.com/spreadsheets/d/1BsfQQcO9C6DZCsRaXUlFlo91Tg2WpOkGARC1WS5S8t0/edit?usp=sharing), generated with kicad-footprint-generator")
    (tags resistor)
    (path /5EF9D9A2)
    (attr smd)
    (fp_text reference R18 (at 0 -1.65 270) (layer F.SilkS)
      (effects (font (size 1 1) (thickness 0.15)))
    )
    (fp_text value 6k2 (at 0 1.65 270) (layer F.Fab)
      (effects (font (size 1 1) (thickness 0.15)))
    )
    (fp_text user %R (at 0 0 270) (layer F.Fab)
      (effects (font (size 0.5 0.5) (thickness 0.08)))
    )
    (fp_line (start 1.68 0.95) (end -1.68 0.95) (layer F.CrtYd) (width 0.05))
    (fp_line (start 1.68 -0.95) (end 1.68 0.95) (layer F.CrtYd) (width 0.05))
    (fp_line (start -1.68 -0.95) (end 1.68 -0.95) (layer F.CrtYd) (width 0.05))
    (fp_line (start -1.68 0.95) (end -1.68 -0.95) (layer F.CrtYd) (width 0.05))
    (fp_line (start -0.258578 0.71) (end 0.258578 0.71) (layer F.SilkS) (width 0.12))
    (fp_line (start -0.258578 -0.71) (end 0.258578 -0.71) (layer F.SilkS) (width 0.12))
    (fp_line (start 1 0.6) (end -1 0.6) (layer F.Fab) (width 0.1))
    (fp_line (start 1 -0.6) (end 1 0.6) (layer F.Fab) (width 0.1))
    (fp_line (start -1 -0.6) (end 1 -0.6) (layer F.Fab) (width 0.1))
    (fp_line (start -1 0.6) (end -1 -0.6) (layer F.Fab) (width 0.1))
    (pad 2 smd roundrect (at 0.9375 0 270) (size 0.975 1.4) (layers F.Cu F.Paste F.Mask) (roundrect_rratio 0.25)
      (net 6 "Net-(R18-Pad2)"))
    (pad 1 smd roundrect (at -0.9375 0 270) (size 0.975 1.4) (layers F.Cu F.Paste F.Mask) (roundrect_rratio 0.25)
      (net 2 +3V3))
    (model ${KISYS3DMOD}/Resistor_SMD.3dshapes/R_0805_2012Metric.wrl
      (at (xyz 0 0 0))
      (scale (xyz 1 1 1))
      (rotate (xyz 0 0 0))
    )
  )

  (module Resistor_SMD:R_0805_2012Metric (layer F.Cu) (tedit 5EB32C73) (tstamp 5EB7C6C2)
    (at 114 110 270)
    (descr "Resistor SMD 0805 (2012 Metric), square (rectangular) end terminal, IPC_7351 nominal, (Body size source: https://docs.google.com/spreadsheets/d/1BsfQQcO9C6DZCsRaXUlFlo91Tg2WpOkGARC1WS5S8t0/edit?usp=sharing), generated with kicad-footprint-generator")
    (tags resistor)
    (path /5EF9E5AA)
    (attr smd)
    (fp_text reference R19 (at 0 -1.65 270) (layer F.SilkS)
      (effects (font (size 1 1) (thickness 0.15)))
    )
    (fp_text value 4k7 (at 0 1.65 270) (layer F.Fab)
      (effects (font (size 1 1) (thickness 0.15)))
    )
    (fp_line (start -1 0.6) (end -1 -0.6) (layer F.Fab) (width 0.1))
    (fp_line (start -1 -0.6) (end 1 -0.6) (layer F.Fab) (width 0.1))
    (fp_line (start 1 -0.6) (end 1 0.6) (layer F.Fab) (width 0.1))
    (fp_line (start 1 0.6) (end -1 0.6) (layer F.Fab) (width 0.1))
    (fp_line (start -0.258578 -0.71) (end 0.258578 -0.71) (layer F.SilkS) (width 0.12))
    (fp_line (start -0.258578 0.71) (end 0.258578 0.71) (layer F.SilkS) (width 0.12))
    (fp_line (start -1.68 0.95) (end -1.68 -0.95) (layer F.CrtYd) (width 0.05))
    (fp_line (start -1.68 -0.95) (end 1.68 -0.95) (layer F.CrtYd) (width 0.05))
    (fp_line (start 1.68 -0.95) (end 1.68 0.95) (layer F.CrtYd) (width 0.05))
    (fp_line (start 1.68 0.95) (end -1.68 0.95) (layer F.CrtYd) (width 0.05))
    (fp_text user %R (at 0 0 270) (layer F.Fab)
      (effects (font (size 0.5 0.5) (thickness 0.08)))
    )
    (pad 1 smd roundrect (at -0.9375 0 270) (size 0.975 1.4) (layers F.Cu F.Paste F.Mask) (roundrect_rratio 0.25)
      (net 2 +3V3))
    (pad 2 smd roundrect (at 0.9375 0 270) (size 0.975 1.4) (layers F.Cu F.Paste F.Mask) (roundrect_rratio 0.25)
      (net 7 "Net-(R19-Pad2)"))
    (model ${KISYS3DMOD}/Resistor_SMD.3dshapes/R_0805_2012Metric.wrl
      (at (xyz 0 0 0))
      (scale (xyz 1 1 1))
      (rotate (xyz 0 0 0))
    )
  )

  (module Resistor_SMD:R_0805_2012Metric (layer F.Cu) (tedit 5EB32BCD) (tstamp 5EB7C6D3)
    (at 137 80 90)
    (descr "Resistor SMD 0805 (2012 Metric), square (rectangular) end terminal, IPC_7351 nominal, (Body size source: https://docs.google.com/spreadsheets/d/1BsfQQcO9C6DZCsRaXUlFlo91Tg2WpOkGARC1WS5S8t0/edit?usp=sharing), generated with kicad-footprint-generator")
    (tags resistor)
    (path /5F1DAF7E)
    (attr smd)
    (fp_text reference R20 (at 0 -1.65 90) (layer F.SilkS)
      (effects (font (size 1 1) (thickness 0.15)))
    )
    (fp_text value 10k (at 0 1.65 90) (layer F.Fab)
      (effects (font (size 1 1) (thickness 0.15)))
    )
    (fp_text user %R (at 0 0 90) (layer F.Fab)
      (effects (font (size 0.5 0.5) (thickness 0.08)))
    )
    (fp_line (start 1.68 0.95) (end -1.68 0.95) (layer F.CrtYd) (width 0.05))
    (fp_line (start 1.68 -0.95) (end 1.68 0.95) (layer F.CrtYd) (width 0.05))
    (fp_line (start -1.68 -0.95) (end 1.68 -0.95) (layer F.CrtYd) (width 0.05))
    (fp_line (start -1.68 0.95) (end -1.68 -0.95) (layer F.CrtYd) (width 0.05))
    (fp_line (start -0.258578 0.71) (end 0.258578 0.71) (layer F.SilkS) (width 0.12))
    (fp_line (start -0.258578 -0.71) (end 0.258578 -0.71) (layer F.SilkS) (width 0.12))
    (fp_line (start 1 0.6) (end -1 0.6) (layer F.Fab) (width 0.1))
    (fp_line (start 1 -0.6) (end 1 0.6) (layer F.Fab) (width 0.1))
    (fp_line (start -1 -0.6) (end 1 -0.6) (layer F.Fab) (width 0.1))
    (fp_line (start -1 0.6) (end -1 -0.6) (layer F.Fab) (width 0.1))
    (pad 2 smd roundrect (at 0.9375 0 90) (size 0.975 1.4) (layers F.Cu F.Paste F.Mask) (roundrect_rratio 0.25)
      (net 1 Earth))
    (pad 1 smd roundrect (at -0.9375 0 90) (size 0.975 1.4) (layers F.Cu F.Paste F.Mask) (roundrect_rratio 0.25)
      (net 8 TECLADO))
    (model ${KISYS3DMOD}/Resistor_SMD.3dshapes/R_0805_2012Metric.wrl
      (at (xyz 0 0 0))
      (scale (xyz 1 1 1))
      (rotate (xyz 0 0 0))
    )
  )

  (module Resistor_SMD:R_0805_2012Metric (layer F.Cu) (tedit 5B36C52B) (tstamp 5EB7C6E4)
    (at 137 75 90)
    (descr "Resistor SMD 0805 (2012 Metric), square (rectangular) end terminal, IPC_7351 nominal, (Body size source: https://docs.google.com/spreadsheets/d/1BsfQQcO9C6DZCsRaXUlFlo91Tg2WpOkGARC1WS5S8t0/edit?usp=sharing), generated with kicad-footprint-generator")
    (tags resistor)
    (path /5EF9F1B2)
    (attr smd)
    (fp_text reference R21 (at 0 -1.65 90) (layer F.SilkS)
      (effects (font (size 1 1) (thickness 0.15)))
    )
    (fp_text value 3k3 (at 0 1.65 90) (layer F.Fab)
      (effects (font (size 1 1) (thickness 0.15)))
    )
    (fp_text user %R (at 0 0 90) (layer F.Fab)
      (effects (font (size 0.5 0.5) (thickness 0.08)))
    )
    (fp_line (start 1.68 0.95) (end -1.68 0.95) (layer F.CrtYd) (width 0.05))
    (fp_line (start 1.68 -0.95) (end 1.68 0.95) (layer F.CrtYd) (width 0.05))
    (fp_line (start -1.68 -0.95) (end 1.68 -0.95) (layer F.CrtYd) (width 0.05))
    (fp_line (start -1.68 0.95) (end -1.68 -0.95) (layer F.CrtYd) (width 0.05))
    (fp_line (start -0.258578 0.71) (end 0.258578 0.71) (layer F.SilkS) (width 0.12))
    (fp_line (start -0.258578 -0.71) (end 0.258578 -0.71) (layer F.SilkS) (width 0.12))
    (fp_line (start 1 0.6) (end -1 0.6) (layer F.Fab) (width 0.1))
    (fp_line (start 1 -0.6) (end 1 0.6) (layer F.Fab) (width 0.1))
    (fp_line (start -1 -0.6) (end 1 -0.6) (layer F.Fab) (width 0.1))
    (fp_line (start -1 0.6) (end -1 -0.6) (layer F.Fab) (width 0.1))
    (pad 2 smd roundrect (at 0.9375 0 90) (size 0.975 1.4) (layers F.Cu F.Paste F.Mask) (roundrect_rratio 0.25)
      (net 9 "Net-(R21-Pad2)"))
    (pad 1 smd roundrect (at -0.9375 0 90) (size 0.975 1.4) (layers F.Cu F.Paste F.Mask) (roundrect_rratio 0.25)
      (net 2 +3V3))
    (model ${KISYS3DMOD}/Resistor_SMD.3dshapes/R_0805_2012Metric.wrl
      (at (xyz 0 0 0))
      (scale (xyz 1 1 1))
      (rotate (xyz 0 0 0))
    )
  )

  (module Resistor_SMD:R_0805_2012Metric (layer F.Cu) (tedit 5B36C52B) (tstamp 5EB7C6F5)
    (at 114 81 90)
    (descr "Resistor SMD 0805 (2012 Metric), square (rectangular) end terminal, IPC_7351 nominal, (Body size source: https://docs.google.com/spreadsheets/d/1BsfQQcO9C6DZCsRaXUlFlo91Tg2WpOkGARC1WS5S8t0/edit?usp=sharing), generated with kicad-footprint-generator")
    (tags resistor)
    (path /5EF9FDDA)
    (attr smd)
    (fp_text reference R22 (at 0 -1.65 90) (layer F.SilkS)
      (effects (font (size 1 1) (thickness 0.15)))
    )
    (fp_text value 1k (at 0 1.65 90) (layer F.Fab)
      (effects (font (size 1 1) (thickness 0.15)))
    )
    (fp_line (start -1 0.6) (end -1 -0.6) (layer F.Fab) (width 0.1))
    (fp_line (start -1 -0.6) (end 1 -0.6) (layer F.Fab) (width 0.1))
    (fp_line (start 1 -0.6) (end 1 0.6) (layer F.Fab) (width 0.1))
    (fp_line (start 1 0.6) (end -1 0.6) (layer F.Fab) (width 0.1))
    (fp_line (start -0.258578 -0.71) (end 0.258578 -0.71) (layer F.SilkS) (width 0.12))
    (fp_line (start -0.258578 0.71) (end 0.258578 0.71) (layer F.SilkS) (width 0.12))
    (fp_line (start -1.68 0.95) (end -1.68 -0.95) (layer F.CrtYd) (width 0.05))
    (fp_line (start -1.68 -0.95) (end 1.68 -0.95) (layer F.CrtYd) (width 0.05))
    (fp_line (start 1.68 -0.95) (end 1.68 0.95) (layer F.CrtYd) (width 0.05))
    (fp_line (start 1.68 0.95) (end -1.68 0.95) (layer F.CrtYd) (width 0.05))
    (fp_text user %R (at 0 0 90) (layer F.Fab)
      (effects (font (size 0.5 0.5) (thickness 0.08)))
    )
    (pad 1 smd roundrect (at -0.9375 0 90) (size 0.975 1.4) (layers F.Cu F.Paste F.Mask) (roundrect_rratio 0.25)
      (net 2 +3V3))
    (pad 2 smd roundrect (at 0.9375 0 90) (size 0.975 1.4) (layers F.Cu F.Paste F.Mask) (roundrect_rratio 0.25)
      (net 10 "Net-(R22-Pad2)"))
    (model ${KISYS3DMOD}/Resistor_SMD.3dshapes/R_0805_2012Metric.wrl
      (at (xyz 0 0 0))
      (scale (xyz 1 1 1))
      (rotate (xyz 0 0 0))
    )
  )

  (module Resistor_SMD:R_0805_2012Metric (layer F.Cu) (tedit 5B36C52B) (tstamp 5EB7C706)
    (at 127 86 270)
    (descr "Resistor SMD 0805 (2012 Metric), square (rectangular) end terminal, IPC_7351 nominal, (Body size source: https://docs.google.com/spreadsheets/d/1BsfQQcO9C6DZCsRaXUlFlo91Tg2WpOkGARC1WS5S8t0/edit?usp=sharing), generated with kicad-footprint-generator")
    (tags resistor)
    (path /5F4288FD)
    (attr smd)
    (fp_text reference R23 (at 0 -1.65 270) (layer F.SilkS)
      (effects (font (size 1 1) (thickness 0.15)))
    )
    (fp_text value 2k (at 0 1.65 270) (layer F.Fab)
      (effects (font (size 1 1) (thickness 0.15)))
    )
    (fp_line (start -1 0.6) (end -1 -0.6) (layer F.Fab) (width 0.1))
    (fp_line (start -1 -0.6) (end 1 -0.6) (layer F.Fab) (width 0.1))
    (fp_line (start 1 -0.6) (end 1 0.6) (layer F.Fab) (width 0.1))
    (fp_line (start 1 0.6) (end -1 0.6) (layer F.Fab) (width 0.1))
    (fp_line (start -0.258578 -0.71) (end 0.258578 -0.71) (layer F.SilkS) (width 0.12))
    (fp_line (start -0.258578 0.71) (end 0.258578 0.71) (layer F.SilkS) (width 0.12))
    (fp_line (start -1.68 0.95) (end -1.68 -0.95) (layer F.CrtYd) (width 0.05))
    (fp_line (start -1.68 -0.95) (end 1.68 -0.95) (layer F.CrtYd) (width 0.05))
    (fp_line (start 1.68 -0.95) (end 1.68 0.95) (layer F.CrtYd) (width 0.05))
    (fp_line (start 1.68 0.95) (end -1.68 0.95) (layer F.CrtYd) (width 0.05))
    (fp_text user %R (at 0 0 270) (layer F.Fab)
      (effects (font (size 0.5 0.5) (thickness 0.08)))
    )
    (pad 1 smd roundrect (at -0.9375 0 270) (size 0.975 1.4) (layers F.Cu F.Paste F.Mask) (roundrect_rratio 0.25)
      (net 11 SDA))
    (pad 2 smd roundrect (at 0.9375 0 270) (size 0.975 1.4) (layers F.Cu F.Paste F.Mask) (roundrect_rratio 0.25)
      (net 2 +3V3))
    (model ${KISYS3DMOD}/Resistor_SMD.3dshapes/R_0805_2012Metric.wrl
      (at (xyz 0 0 0))
      (scale (xyz 1 1 1))
      (rotate (xyz 0 0 0))
    )
  )

  (module 3296W-1-103RLF_POT_LCD:TRIM_3296W-1-103RLF (layer F.Cu) (tedit 5EA6D01A) (tstamp 5EB7C71B)
    (at 117 66 180)
    (path /5F6CC449)
    (fp_text reference R24 (at -1.94297 -3.79451 180) (layer F.SilkS)
      (effects (font (size 1.000551 1.000551) (thickness 0.015)))
    )
    (fp_text value POT_LCD (at 6.99601 3.3184 180) (layer F.Fab)
      (effects (font (size 1.001323 1.001323) (thickness 0.015)))
    )
    (fp_line (start -4.765 -2.42) (end -4.765 2.41) (layer F.SilkS) (width 0.127))
    (fp_line (start -4.765 2.41) (end 4.765 2.41) (layer F.SilkS) (width 0.127))
    (fp_line (start 4.765 2.41) (end 4.765 -2.42) (layer F.SilkS) (width 0.127))
    (fp_line (start 4.765 -2.42) (end -4.765 -2.42) (layer F.SilkS) (width 0.127))
    (fp_line (start -4.765 -2.42) (end -4.765 2.41) (layer F.Fab) (width 0.127))
    (fp_line (start 4.765 -2.42) (end -4.765 -2.42) (layer F.Fab) (width 0.127))
    (fp_line (start 4.765 2.41) (end 4.765 -2.42) (layer F.Fab) (width 0.127))
    (fp_line (start -4.765 2.41) (end 4.765 2.41) (layer F.Fab) (width 0.127))
    (fp_line (start -5.015 -2.67) (end 5.015 -2.67) (layer F.CrtYd) (width 0.05))
    (fp_line (start 5.015 -2.67) (end 5.015 2.66) (layer F.CrtYd) (width 0.05))
    (fp_line (start 5.015 2.66) (end -5.015 2.66) (layer F.CrtYd) (width 0.05))
    (fp_line (start -5.015 2.66) (end -5.015 -2.67) (layer F.CrtYd) (width 0.05))
    (fp_circle (center -5.461 -0.051) (end -5.361 -0.051) (layer F.SilkS) (width 0.2))
    (fp_circle (center -5.461 -0.051) (end -5.361 -0.051) (layer F.Fab) (width 0.2))
    (pad 1 thru_hole rect (at -2.54 0 180) (size 1.248 1.248) (drill 0.74) (layers *.Cu *.Mask)
      (net 3 +5V))
    (pad 2 thru_hole circle (at 0 0 180) (size 1.248 1.248) (drill 0.74) (layers *.Cu *.Mask)
      (net 4 "Net-(J9-Pad3)"))
    (pad 3 thru_hole circle (at 2.54 0 180) (size 1.248 1.248) (drill 0.74) (layers *.Cu *.Mask)
      (net 1 Earth))
  )

  (module 1825910-6:SW_1825910-6-4 (layer F.Cu) (tedit 5E94CB45) (tstamp 5EB7C732)
    (at 122 89 270)
    (path /5EF8ED6F)
    (fp_text reference SW1 (at -2.3627 -3.844398 270) (layer F.SilkS)
      (effects (font (size 0.630643 0.630643) (thickness 0.015)))
    )
    (fp_text value 1825910-6 (at 1.150079 3.960282 270) (layer F.Fab)
      (effects (font (size 0.629966 0.629966) (thickness 0.015)))
    )
    (fp_line (start -2.995 -2.995) (end -2.995 2.995) (layer F.Fab) (width 0.127))
    (fp_line (start -2.995 2.995) (end 2.995 2.995) (layer F.Fab) (width 0.127))
    (fp_line (start 2.995 2.995) (end 2.995 -2.995) (layer F.Fab) (width 0.127))
    (fp_line (start 2.995 -2.995) (end -2.995 -2.995) (layer F.Fab) (width 0.127))
    (fp_line (start -2.2 -2.995) (end 2.3 -2.995) (layer F.SilkS) (width 0.127))
    (fp_line (start 3 -1.15) (end 3 1.15) (layer F.SilkS) (width 0.127))
    (fp_line (start 2.3 2.995) (end -2.3 2.995) (layer F.SilkS) (width 0.127))
    (fp_line (start -2.995 -1.15) (end -2.995 1.15) (layer F.SilkS) (width 0.127))
    (fp_line (start -4.25 -3.25) (end -4.25 3.25) (layer F.CrtYd) (width 0.05))
    (fp_line (start -4.25 3.25) (end 4.25 3.25) (layer F.CrtYd) (width 0.05))
    (fp_line (start 4.25 3.25) (end 4.25 -3.25) (layer F.CrtYd) (width 0.05))
    (fp_line (start 4.25 -3.25) (end -4.25 -3.25) (layer F.CrtYd) (width 0.05))
    (fp_circle (center 0 0) (end 1.755 0) (layer F.SilkS) (width 0.127))
    (fp_circle (center 0 0) (end 1.755 0) (layer F.Fab) (width 0.127))
    (fp_circle (center -4.445 -2.25) (end -4.345 -2.25) (layer F.SilkS) (width 0.2))
    (pad 3 thru_hole circle (at -3.25 2.25 270) (size 1.498 1.498) (drill 0.99) (layers *.Cu *.Mask)
      (net 5 "Net-(R17-Pad2)"))
    (pad 1 thru_hole rect (at -3.25 -2.25 270) (size 1.498 1.498) (drill 0.99) (layers *.Cu *.Mask)
      (net 8 TECLADO))
    (pad 4 thru_hole circle (at 3.25 2.25 270) (size 1.498 1.498) (drill 0.99) (layers *.Cu *.Mask)
      (net 5 "Net-(R17-Pad2)"))
    (pad 2 thru_hole circle (at 3.25 -2.25 270) (size 1.498 1.498) (drill 0.99) (layers *.Cu *.Mask)
      (net 8 TECLADO))
  )

  (module 1825910-6:SW_1825910-6-4 (layer F.Cu) (tedit 5E94CB45) (tstamp 5EB7C749)
    (at 122 100 270)
    (path /5EF91236)
    (fp_text reference SW2 (at -2.3627 -3.844398 270) (layer F.SilkS)
      (effects (font (size 0.630643 0.630643) (thickness 0.015)))
    )
    (fp_text value 1825910-6 (at 1.150079 3.960282 270) (layer F.Fab)
      (effects (font (size 0.629966 0.629966) (thickness 0.015)))
    )
    (fp_circle (center -4.445 -2.25) (end -4.345 -2.25) (layer F.SilkS) (width 0.2))
    (fp_circle (center 0 0) (end 1.755 0) (layer F.Fab) (width 0.127))
    (fp_circle (center 0 0) (end 1.755 0) (layer F.SilkS) (width 0.127))
    (fp_line (start 4.25 -3.25) (end -4.25 -3.25) (layer F.CrtYd) (width 0.05))
    (fp_line (start 4.25 3.25) (end 4.25 -3.25) (layer F.CrtYd) (width 0.05))
    (fp_line (start -4.25 3.25) (end 4.25 3.25) (layer F.CrtYd) (width 0.05))
    (fp_line (start -4.25 -3.25) (end -4.25 3.25) (layer F.CrtYd) (width 0.05))
    (fp_line (start -2.995 -1.15) (end -2.995 1.15) (layer F.SilkS) (width 0.127))
    (fp_line (start 2.3 2.995) (end -2.3 2.995) (layer F.SilkS) (width 0.127))
    (fp_line (start 3 -1.15) (end 3 1.15) (layer F.SilkS) (width 0.127))
    (fp_line (start -2.2 -2.995) (end 2.3 -2.995) (layer F.SilkS) (width 0.127))
    (fp_line (start 2.995 -2.995) (end -2.995 -2.995) (layer F.Fab) (width 0.127))
    (fp_line (start 2.995 2.995) (end 2.995 -2.995) (layer F.Fab) (width 0.127))
    (fp_line (start -2.995 2.995) (end 2.995 2.995) (layer F.Fab) (width 0.127))
    (fp_line (start -2.995 -2.995) (end -2.995 2.995) (layer F.Fab) (width 0.127))
    (pad 2 thru_hole circle (at 3.25 -2.25 270) (size 1.498 1.498) (drill 0.99) (layers *.Cu *.Mask)
      (net 8 TECLADO))
    (pad 4 thru_hole circle (at 3.25 2.25 270) (size 1.498 1.498) (drill 0.99) (layers *.Cu *.Mask)
      (net 6 "Net-(R18-Pad2)"))
    (pad 1 thru_hole rect (at -3.25 -2.25 270) (size 1.498 1.498) (drill 0.99) (layers *.Cu *.Mask)
      (net 8 TECLADO))
    (pad 3 thru_hole circle (at -3.25 2.25 270) (size 1.498 1.498) (drill 0.99) (layers *.Cu *.Mask)
      (net 6 "Net-(R18-Pad2)"))
  )

  (module 1825910-6:SW_1825910-6-4 (layer F.Cu) (tedit 5E94CB45) (tstamp 5EB7C760)
    (at 121 109)
    (path /5EF93550)
    (fp_text reference SW3 (at -2.3627 -3.844398) (layer F.SilkS)
      (effects (font (size 0.630643 0.630643) (thickness 0.015)))
    )
    (fp_text value 1825910-6 (at 1.150079 3.960282) (layer F.Fab)
      (effects (font (size 0.629966 0.629966) (thickness 0.015)))
    )
    (fp_line (start -2.995 -2.995) (end -2.995 2.995) (layer F.Fab) (width 0.127))
    (fp_line (start -2.995 2.995) (end 2.995 2.995) (layer F.Fab) (width 0.127))
    (fp_line (start 2.995 2.995) (end 2.995 -2.995) (layer F.Fab) (width 0.127))
    (fp_line (start 2.995 -2.995) (end -2.995 -2.995) (layer F.Fab) (width 0.127))
    (fp_line (start -2.2 -2.995) (end 2.3 -2.995) (layer F.SilkS) (width 0.127))
    (fp_line (start 3 -1.15) (end 3 1.15) (layer F.SilkS) (width 0.127))
    (fp_line (start 2.3 2.995) (end -2.3 2.995) (layer F.SilkS) (width 0.127))
    (fp_line (start -2.995 -1.15) (end -2.995 1.15) (layer F.SilkS) (width 0.127))
    (fp_line (start -4.25 -3.25) (end -4.25 3.25) (layer F.CrtYd) (width 0.05))
    (fp_line (start -4.25 3.25) (end 4.25 3.25) (layer F.CrtYd) (width 0.05))
    (fp_line (start 4.25 3.25) (end 4.25 -3.25) (layer F.CrtYd) (width 0.05))
    (fp_line (start 4.25 -3.25) (end -4.25 -3.25) (layer F.CrtYd) (width 0.05))
    (fp_circle (center 0 0) (end 1.755 0) (layer F.SilkS) (width 0.127))
    (fp_circle (center 0 0) (end 1.755 0) (layer F.Fab) (width 0.127))
    (fp_circle (center -4.445 -2.25) (end -4.345 -2.25) (layer F.SilkS) (width 0.2))
    (pad 3 thru_hole circle (at -3.25 2.25) (size 1.498 1.498) (drill 0.99) (layers *.Cu *.Mask)
      (net 7 "Net-(R19-Pad2)"))
    (pad 1 thru_hole rect (at -3.25 -2.25) (size 1.498 1.498) (drill 0.99) (layers *.Cu *.Mask)
      (net 8 TECLADO))
    (pad 4 thru_hole circle (at 3.25 2.25) (size 1.498 1.498) (drill 0.99) (layers *.Cu *.Mask)
      (net 7 "Net-(R19-Pad2)"))
    (pad 2 thru_hole circle (at 3.25 -2.25) (size 1.498 1.498) (drill 0.99) (layers *.Cu *.Mask)
      (net 8 TECLADO))
  )

  (module 1825910-6:SW_1825910-6-4 (layer F.Cu) (tedit 5E94CB45) (tstamp 5EB7C777)
    (at 131 78 270)
    (path /5EF959D3)
    (fp_text reference SW4 (at -2.3627 -3.844398 270) (layer F.SilkS)
      (effects (font (size 0.630643 0.630643) (thickness 0.015)))
    )
    (fp_text value 1825910-6 (at 1.150079 3.960282 270) (layer F.Fab)
      (effects (font (size 0.629966 0.629966) (thickness 0.015)))
    )
    (fp_circle (center -4.445 -2.25) (end -4.345 -2.25) (layer F.SilkS) (width 0.2))
    (fp_circle (center 0 0) (end 1.755 0) (layer F.Fab) (width 0.127))
    (fp_circle (center 0 0) (end 1.755 0) (layer F.SilkS) (width 0.127))
    (fp_line (start 4.25 -3.25) (end -4.25 -3.25) (layer F.CrtYd) (width 0.05))
    (fp_line (start 4.25 3.25) (end 4.25 -3.25) (layer F.CrtYd) (width 0.05))
    (fp_line (start -4.25 3.25) (end 4.25 3.25) (layer F.CrtYd) (width 0.05))
    (fp_line (start -4.25 -3.25) (end -4.25 3.25) (layer F.CrtYd) (width 0.05))
    (fp_line (start -2.995 -1.15) (end -2.995 1.15) (layer F.SilkS) (width 0.127))
    (fp_line (start 2.3 2.995) (end -2.3 2.995) (layer F.SilkS) (width 0.127))
    (fp_line (start 3 -1.15) (end 3 1.15) (layer F.SilkS) (width 0.127))
    (fp_line (start -2.2 -2.995) (end 2.3 -2.995) (layer F.SilkS) (width 0.127))
    (fp_line (start 2.995 -2.995) (end -2.995 -2.995) (layer F.Fab) (width 0.127))
    (fp_line (start 2.995 2.995) (end 2.995 -2.995) (layer F.Fab) (width 0.127))
    (fp_line (start -2.995 2.995) (end 2.995 2.995) (layer F.Fab) (width 0.127))
    (fp_line (start -2.995 -2.995) (end -2.995 2.995) (layer F.Fab) (width 0.127))
    (pad 2 thru_hole circle (at 3.25 -2.25 270) (size 1.498 1.498) (drill 0.99) (layers *.Cu *.Mask)
      (net 8 TECLADO))
    (pad 4 thru_hole circle (at 3.25 2.25 270) (size 1.498 1.498) (drill 0.99) (layers *.Cu *.Mask)
      (net 9 "Net-(R21-Pad2)"))
    (pad 1 thru_hole rect (at -3.25 -2.25 270) (size 1.498 1.498) (drill 0.99) (layers *.Cu *.Mask)
      (net 8 TECLADO))
    (pad 3 thru_hole circle (at -3.25 2.25 270) (size 1.498 1.498) (drill 0.99) (layers *.Cu *.Mask)
      (net 9 "Net-(R21-Pad2)"))
  )

  (module 1825910-6:SW_1825910-6-4 (layer F.Cu) (tedit 5E94CB45) (tstamp 5EB7C78E)
    (at 122 78 270)
    (path /5EF97A08)
    (fp_text reference SW5 (at -2.3627 -3.844398 270) (layer F.SilkS)
      (effects (font (size 0.630643 0.630643) (thickness 0.015)))
    )
    (fp_text value 1825910-6 (at 1.150079 3.960282 270) (layer F.Fab)
      (effects (font (size 0.629966 0.629966) (thickness 0.015)))
    )
    (fp_line (start -2.995 -2.995) (end -2.995 2.995) (layer F.Fab) (width 0.127))
    (fp_line (start -2.995 2.995) (end 2.995 2.995) (layer F.Fab) (width 0.127))
    (fp_line (start 2.995 2.995) (end 2.995 -2.995) (layer F.Fab) (width 0.127))
    (fp_line (start 2.995 -2.995) (end -2.995 -2.995) (layer F.Fab) (width 0.127))
    (fp_line (start -2.2 -2.995) (end 2.3 -2.995) (layer F.SilkS) (width 0.127))
    (fp_line (start 3 -1.15) (end 3 1.15) (layer F.SilkS) (width 0.127))
    (fp_line (start 2.3 2.995) (end -2.3 2.995) (layer F.SilkS) (width 0.127))
    (fp_line (start -2.995 -1.15) (end -2.995 1.15) (layer F.SilkS) (width 0.127))
    (fp_line (start -4.25 -3.25) (end -4.25 3.25) (layer F.CrtYd) (width 0.05))
    (fp_line (start -4.25 3.25) (end 4.25 3.25) (layer F.CrtYd) (width 0.05))
    (fp_line (start 4.25 3.25) (end 4.25 -3.25) (layer F.CrtYd) (width 0.05))
    (fp_line (start 4.25 -3.25) (end -4.25 -3.25) (layer F.CrtYd) (width 0.05))
    (fp_circle (center 0 0) (end 1.755 0) (layer F.SilkS) (width 0.127))
    (fp_circle (center 0 0) (end 1.755 0) (layer F.Fab) (width 0.127))
    (fp_circle (center -4.445 -2.25) (end -4.345 -2.25) (layer F.SilkS) (width 0.2))
    (pad 3 thru_hole circle (at -3.25 2.25 270) (size 1.498 1.498) (drill 0.99) (layers *.Cu *.Mask)
      (net 10 "Net-(R22-Pad2)"))
    (pad 1 thru_hole rect (at -3.25 -2.25 270) (size 1.498 1.498) (drill 0.99) (layers *.Cu *.Mask)
      (net 8 TECLADO))
    (pad 4 thru_hole circle (at 3.25 2.25 270) (size 1.498 1.498) (drill 0.99) (layers *.Cu *.Mask)
      (net 10 "Net-(R22-Pad2)"))
    (pad 2 thru_hole circle (at 3.25 -2.25 270) (size 1.498 1.498) (drill 0.99) (layers *.Cu *.Mask)
      (net 8 TECLADO))
  )

  (module 24LC512-I_SM_eeprom:SOIC127P794X202-8N (layer F.Cu) (tedit 5EA6D074) (tstamp 5EB7C7A6)
    (at 134 87 180)
    (path /5F25E13B)
    (fp_text reference U4 (at -1.205 -3.477 180) (layer F.SilkS)
      (effects (font (size 1 1) (thickness 0.015)))
    )
    (fp_text value 24LC512-I_SM (at 7.05 3.477 180) (layer F.Fab)
      (effects (font (size 1 1) (thickness 0.015)))
    )
    (fp_circle (center -5.33 -2.515) (end -5.23 -2.515) (layer F.SilkS) (width 0.2))
    (fp_circle (center -5.33 -2.515) (end -5.23 -2.515) (layer F.Fab) (width 0.2))
    (fp_line (start -2.69 -2.665) (end 2.69 -2.665) (layer F.Fab) (width 0.127))
    (fp_line (start -2.69 2.665) (end 2.69 2.665) (layer F.Fab) (width 0.127))
    (fp_line (start -2.69 -2.665) (end 2.69 -2.665) (layer F.SilkS) (width 0.127))
    (fp_line (start -2.69 2.665) (end 2.69 2.665) (layer F.SilkS) (width 0.127))
    (fp_line (start -2.69 -2.665) (end -2.69 2.665) (layer F.Fab) (width 0.127))
    (fp_line (start 2.69 -2.665) (end 2.69 2.665) (layer F.Fab) (width 0.127))
    (fp_line (start -4.735 -2.915) (end 4.735 -2.915) (layer F.CrtYd) (width 0.05))
    (fp_line (start -4.735 2.915) (end 4.735 2.915) (layer F.CrtYd) (width 0.05))
    (fp_line (start -4.735 -2.915) (end -4.735 2.915) (layer F.CrtYd) (width 0.05))
    (fp_line (start 4.735 -2.915) (end 4.735 2.915) (layer F.CrtYd) (width 0.05))
    (pad 1 smd rect (at -3.64 -1.905 180) (size 1.69 0.61) (layers F.Cu F.Paste F.Mask)
      (net 1 Earth))
    (pad 2 smd rect (at -3.64 -0.635 180) (size 1.69 0.61) (layers F.Cu F.Paste F.Mask)
      (net 1 Earth))
    (pad 3 smd rect (at -3.64 0.635 180) (size 1.69 0.61) (layers F.Cu F.Paste F.Mask)
      (net 1 Earth))
    (pad 4 smd rect (at -3.64 1.905 180) (size 1.69 0.61) (layers F.Cu F.Paste F.Mask)
      (net 1 Earth))
    (pad 5 smd rect (at 3.64 1.905 180) (size 1.69 0.61) (layers F.Cu F.Paste F.Mask)
      (net 11 SDA))
    (pad 6 smd rect (at 3.64 0.635 180) (size 1.69 0.61) (layers F.Cu F.Paste F.Mask))
    (pad 7 smd rect (at 3.64 -0.635 180) (size 1.69 0.61) (layers F.Cu F.Paste F.Mask)
      (net 1 Earth))
    (pad 8 smd rect (at 3.64 -1.905 180) (size 1.69 0.61) (layers F.Cu F.Paste F.Mask)
      (net 2 +3V3))
  )

  (gr_text "Laura P" (at 141 112) (layer F.SilkS)
    (effects (font (size 1 1) (thickness 0.15)))
  )
  (gr_circle (center 148 64) (end 148 63) (layer Edge.Cuts) (width 0.05))
  (gr_circle (center 148 114) (end 147 114) (layer Edge.Cuts) (width 0.05))
  (gr_circle (center 94 114) (end 93 114) (layer Edge.Cuts) (width 0.05))
  (gr_circle (center 94 64) (end 93 63) (layer Edge.Cuts) (width 0.05))
  (gr_line (start 150 62) (end 92 62) (angle 90) (layer Edge.Cuts) (width 0.05))
  (gr_line (start 150 116) (end 150 62) (angle 90) (layer Edge.Cuts) (width 0.05))
  (gr_line (start 150 62) (end 150 116) (angle 90) (layer Edge.Cuts) (width 0.05))
  (gr_line (start 92 62) (end 150 62) (angle 90) (layer Edge.Cuts) (width 0.05))
  (gr_line (start 150 62) (end 92 62) (angle 90) (layer Edge.Cuts) (width 0.05))
  (gr_line (start 150 116) (end 150 62) (angle 90) (layer Edge.Cuts) (width 0.05))
  (gr_line (start 92 116) (end 150 116) (angle 90) (layer Edge.Cuts) (width 0.05))
  (gr_line (start 92 62) (end 92 116) (angle 90) (layer Edge.Cuts) (width 0.05))

  (segment (start 137 76) (end 140 79) (width 0.2286) (layer B.Cu) (net 0))
